  -10.240000  0.67822147E-023
  -10.230000  0.75131416E-023
  -10.220000  0.83220091E-023
  -10.210000  0.92170377E-023
  -10.200000  0.10207306E-022
  -10.190000  0.11302836E-022
  -10.180000  0.12514697E-022
  -10.170000  0.13855104E-022
  -10.160000  0.15337544E-022
  -10.150000  0.16976902E-022
  -10.140000  0.18789603E-022
  -10.130000  0.20793776E-022
  -10.120000  0.23009420E-022
  -10.110000  0.25458602E-022
  -10.100000  0.28165665E-022
  -10.090000  0.31157460E-022
  -10.080000  0.34463600E-022
  -10.070000  0.38116745E-022
  -10.060000  0.42152909E-022
  -10.050000  0.46611799E-022
  -10.040000  0.51537191E-022
  -10.030000  0.56977343E-022
  -10.020000  0.62985447E-022
  -10.010000  0.69620126E-022
  -10.000000  0.76945986E-022
   -9.990000  0.85034214E-022
   -9.980000  0.93963245E-022
   -9.970000  0.10381949E-021
   -9.960000  0.11469813E-021
   -9.950000  0.12670401E-021
   -9.940000  0.13995259E-021
   -9.930000  0.15457102E-021
   -9.920000  0.17069933E-021
   -9.910000  0.18849165E-021
   -9.900000  0.20811768E-021
   -9.890000  0.22976423E-021
   -9.880000  0.25363690E-021
   -9.870000  0.27996195E-021
   -9.860000  0.30898839E-021
   -9.850000  0.34099019E-021
   -9.840000  0.37626877E-021
   -9.830000  0.41515573E-021
   -9.820000  0.45801581E-021
   -9.810000  0.50525017E-021
   -9.800000  0.55730000E-021
   -9.790000  0.61465043E-021
   -9.780000  0.67783487E-021
   -9.770000  0.74743975E-021
   -9.760000  0.82410974E-021
   -9.750000  0.90855343E-021
   -9.740000  0.10015496E-020
   -9.730000  0.11039542E-020
   -9.720000  0.12167075E-020
   -9.710000  0.13408429E-020
   -9.700000  0.14774955E-020
   -9.690000  0.16279123E-020
   -9.680000  0.17934631E-020
   -9.670000  0.19756519E-020
   -9.660000  0.21761308E-020
   -9.650000  0.23967135E-020
   -9.640000  0.26393916E-020
   -9.630000  0.29063512E-020
   -9.620000  0.31999924E-020
   -9.610000  0.35229490E-020
   -9.600000  0.38781119E-020
   -9.590000  0.42686534E-020
   -9.580000  0.46980542E-020
   -9.570000  0.51701330E-020
   -9.560000  0.56890793E-020
   -9.550000  0.62594882E-020
   -9.540000  0.68863998E-020
   -9.530000  0.75753414E-020
   -9.520000  0.83323741E-020
   -9.510000  0.91641435E-020
   -9.500000  0.10077935E-019
   -9.490000  0.11081737E-019
   -9.480000  0.12184302E-019
   -9.470000  0.13395227E-019
   -9.460000  0.14725025E-019
   -9.450000  0.16185219E-019
   -9.440000  0.17788433E-019
   -9.430000  0.19548497E-019
   -9.420000  0.21480562E-019
   -9.410000  0.23601220E-019
   -9.400000  0.25928647E-019
   -9.390000  0.28482744E-019
   -9.380000  0.31285303E-019
   -9.370000  0.34360183E-019
   -9.360000  0.37733505E-019
   -9.350000  0.41433860E-019
   -9.340000  0.45492543E-019
   -9.330000  0.49943802E-019
   -9.320000  0.54825117E-019
   -9.310000  0.60177493E-019
   -9.300000  0.66045799E-019
   -9.290000  0.72479113E-019
   -9.280000  0.79531122E-019
   -9.270000  0.87260546E-019
   -9.260000  0.95731598E-019
   -9.250000  0.10501450E-018
   -9.240000  0.11518602E-018
   -9.230000  0.12633011E-018
   -9.220000  0.13853852E-018
   -9.210000  0.15191155E-018
   -9.200000  0.16655880E-018
   -9.190000  0.18260008E-018
   -9.180000  0.20016628E-018
   -9.170000  0.21940041E-018
   -9.160000  0.24045872E-018
   -9.150000  0.26351187E-018
   -9.140000  0.28874629E-018
   -9.130000  0.31636557E-018
   -9.120000  0.34659204E-018
   -9.110000  0.37966847E-018
   -9.100000  0.41585990E-018
   -9.090000  0.45545568E-018
   -9.080000  0.49877167E-018
   -9.070000  0.54615260E-018
   -9.060000  0.59797468E-018
   -9.050000  0.65464848E-018
   -9.040000  0.71662194E-018
   -9.030000  0.78438378E-018
   -9.020000  0.85846715E-018
   -9.010000  0.93945359E-018
   -9.000000  0.10279774E-017
   -8.990000  0.11247302E-017
   -8.980000  0.12304662E-017
   -8.970000  0.13460080E-017
   -8.960000  0.14722519E-017
   -8.950000  0.16101754E-017
   -8.940000  0.17608438E-017
   -8.930000  0.19254181E-017
   -8.920000  0.21051635E-017
   -8.910000  0.23014587E-017
   -8.900000  0.25158058E-017
   -8.890000  0.27498411E-017
   -8.880000  0.30053473E-017
   -8.870000  0.32842658E-017
   -8.860000  0.35887112E-017
   -8.850000  0.39209860E-017
   -8.840000  0.42835973E-017
   -8.830000  0.46792748E-017
   -8.820000  0.51109901E-017
   -8.810000  0.55819777E-017
   -8.800000  0.60957581E-017
   -8.790000  0.66561627E-017
   -8.780000  0.72673604E-017
   -8.770000  0.79338875E-017
   -8.760000  0.86606791E-017
   -8.750000  0.94531039E-017
   -8.740000  0.10317001E-016
   -8.730000  0.11258722E-016
   -8.720000  0.12285174E-016
   -8.710000  0.13403866E-016
   -8.700000  0.14622964E-016
   -8.690000  0.15951345E-016
   -8.680000  0.17398659E-016
   -8.670000  0.18975395E-016
   -8.660000  0.20692952E-016
   -8.650000  0.22563716E-016
   -8.640000  0.24601149E-016
   -8.630000  0.26819873E-016
   -8.620000  0.29235775E-016
   -8.610000  0.31866112E-016
   -8.600000  0.34729627E-016
   -8.590000  0.37846675E-016
   -8.580000  0.41239360E-016
   -8.570000  0.44931681E-016
   -8.560000  0.48949695E-016
   -8.550000  0.53321687E-016
   -8.540000  0.58078360E-016
   -8.530000  0.63253037E-016
   -8.520000  0.68881879E-016
   -8.510000  0.75004127E-016
   -8.500000  0.81662356E-016
   -8.490000  0.88902756E-016
   -8.480000  0.96775430E-016
   -8.470000  0.10533473E-015
   -8.460000  0.11463958E-015
   -8.450000  0.12475392E-015
   -8.440000  0.13574704E-015
   -8.430000  0.14769408E-015
   -8.420000  0.16067652E-015
   -8.410000  0.17478264E-015
   -8.400000  0.19010815E-015
   -8.390000  0.20675678E-015
   -8.380000  0.22484092E-015
   -8.370000  0.24448236E-015
   -8.360000  0.26581302E-015
   -8.350000  0.28897586E-015
   -8.340000  0.31412567E-015
   -8.330000  0.34143016E-015
   -8.320000  0.37107090E-015
   -8.310000  0.40324453E-015
   -8.300000  0.43816394E-015
   -8.290000  0.47605964E-015
   -8.280000  0.51718112E-015
   -8.270000  0.56179844E-015
   -8.260000  0.61020389E-015
   -8.250000  0.66271375E-015
   -8.240000  0.71967026E-015
   -8.230000  0.78144373E-015
   -8.220000  0.84843472E-015
   -8.210000  0.92107654E-015
   -8.200000  0.99983787E-015
   -8.190000  0.10852256E-014
   -8.180000  0.11777877E-014
   -8.170000  0.12781169E-014
   -8.160000  0.13868540E-014
   -8.150000  0.15046915E-014
   -8.140000  0.16323780E-014
   -8.130000  0.17707229E-014
   -8.120000  0.19206004E-014
   -8.110000  0.20829556E-014
   -8.100000  0.22588094E-014
   -8.090000  0.24492647E-014
   -8.080000  0.26555130E-014
   -8.070000  0.28788412E-014
   -8.060000  0.31206392E-014
   -8.050000  0.33824079E-014
   -8.040000  0.36657680E-014
   -8.030000  0.39724692E-014
   -8.020000  0.43044005E-014
   -8.010000  0.46636008E-014
   -8.000000  0.50522711E-014
   -7.990000  0.54727863E-014
   -7.980000  0.59277094E-014
   -7.970000  0.64198058E-014
   -7.960000  0.69520589E-014
   -7.950000  0.75276873E-014
   -7.940000  0.81501625E-014
   -7.930000  0.88232286E-014
   -7.920000  0.95509236E-014
   -7.910000  0.10337601E-013
   -7.900000  0.11187956E-013
   -7.890000  0.12107049E-013
   -7.880000  0.13100336E-013
   -7.870000  0.14173696E-013
   -7.860000  0.15333468E-013
   -7.850000  0.16586479E-013
   -7.840000  0.17940090E-013
   -7.830000  0.19402227E-013
   -7.820000  0.20981432E-013
   -7.810000  0.22686904E-013
   -7.800000  0.24528553E-013
   -7.790000  0.26517048E-013
   -7.780000  0.28663882E-013
   -7.770000  0.30981426E-013
   -7.760000  0.33483000E-013
   -7.750000  0.36182945E-013
   -7.740000  0.39096692E-013
   -7.730000  0.42240854E-013
   -7.720000  0.45633307E-013
   -7.710000  0.49293285E-013
   -7.700000  0.53241484E-013
   -7.690000  0.57500168E-013
   -7.680000  0.62093286E-013
   -7.670000  0.67046597E-013
   -7.660000  0.72387806E-013
   -7.650000  0.78146703E-013
   -7.640000  0.84355319E-013
   -7.630000  0.91048093E-013
   -7.620000  0.98262047E-013
   -7.610000  0.10603698E-012
   -7.600000  0.11441565E-012
   -7.590000  0.12344403E-012
   -7.580000  0.13317151E-012
   -7.570000  0.14365116E-012
   -7.560000  0.15493999E-012
   -7.550000  0.16709924E-012
   -7.540000  0.18019469E-012
   -7.530000  0.19429699E-012
   -7.520000  0.20948201E-012
   -7.510000  0.22583121E-012
   -7.500000  0.24343205E-012
   -7.490000  0.26237843E-012
   -7.480000  0.28277114E-012
   -7.470000  0.30471834E-012
   -7.460000  0.32833613E-012
   -7.450000  0.35374908E-012
   -7.440000  0.38109087E-012
   -7.430000  0.41050490E-012
   -7.420000  0.44214499E-012
   -7.410000  0.47617616E-012
   -7.400000  0.51277536E-012
   -7.390000  0.55213239E-012
   -7.380000  0.59445075E-012
   -7.370000  0.63994860E-012
   -7.360000  0.68885987E-012
   -7.350000  0.74143527E-012
   -7.340000  0.79794355E-012
   -7.330000  0.85867273E-012
   -7.320000  0.92393143E-012
   -7.310000  0.99405035E-012
   -7.300000  0.10693838E-011
   -7.290000  0.11503113E-011
   -7.280000  0.12372394E-011
   -7.270000  0.13306035E-011
   -7.260000  0.14308699E-011
   -7.250000  0.15385380E-011
   -7.240000  0.16541422E-011
   -7.230000  0.17782551E-011
   -7.220000  0.19114891E-011
   -7.210000  0.20545002E-011
   -7.200000  0.22079900E-011
   -7.190000  0.23727096E-011
   -7.180000  0.25494626E-011
   -7.170000  0.27391087E-011
   -7.160000  0.29425677E-011
   -7.150000  0.31608235E-011
   -7.140000  0.33949281E-011
   -7.130000  0.36460070E-011
   -7.120000  0.39152633E-011
   -7.110000  0.42039837E-011
   -7.100000  0.45135437E-011
   -7.090000  0.48454135E-011
   -7.080000  0.52011647E-011
   -7.070000  0.55824770E-011
   -7.060000  0.59911452E-011
   -7.050000  0.64290873E-011
   -7.040000  0.68983523E-011
   -7.030000  0.74011292E-011
   -7.020000  0.79397563E-011
   -7.010000  0.85167310E-011
   -7.000000  0.91347204E-011
   -6.990000  0.97965725E-011
   -6.980000  0.10505328E-010
   -6.970000  0.11264234E-010
   -6.960000  0.12076756E-010
   -6.950000  0.12946592E-010
   -6.940000  0.13877691E-010
   -6.930000  0.14874266E-010
   -6.920000  0.15940812E-010
   -6.910000  0.17082125E-010
   -6.900000  0.18303322E-010
   -6.890000  0.19609862E-010
   -6.880000  0.21007564E-010
   -6.870000  0.22502639E-010
   -6.860000  0.24101705E-010
   -6.850000  0.25811821E-010
   -6.840000  0.27640514E-010
   -6.830000  0.29595804E-010
   -6.820000  0.31686242E-010
   -6.810000  0.33920942E-010
   -6.800000  0.36309615E-010
   -6.790000  0.38862609E-010
   -6.780000  0.41590949E-010
   -6.770000  0.44506381E-010
   -6.760000  0.47621416E-010
   -6.750000  0.50949380E-010
   -6.740000  0.54504463E-010
   -6.730000  0.58301778E-010
   -6.720000  0.62357415E-010
   -6.710000  0.66688504E-010
   -6.700000  0.71313281E-010
   -6.690000  0.76251157E-010
   -6.680000  0.81522788E-010
   -6.670000  0.87150158E-010
   -6.660000  0.93156659E-010
   -6.650000  0.99567179E-010
   -6.640000  0.10640819E-009
   -6.630000  0.11370787E-009
   -6.620000  0.12149615E-009
   -6.610000  0.12980490E-009
   -6.600000  0.13866800E-009
   -6.590000  0.14812146E-009
   -6.580000  0.15820356E-009
   -6.570000  0.16895503E-009
   -6.560000  0.18041912E-009
   -6.550000  0.19264181E-009
   -6.540000  0.20567198E-009
   -6.530000  0.21956155E-009
   -6.520000  0.23436567E-009
   -6.510000  0.25014296E-009
   -6.500000  0.26695566E-009
   -6.490000  0.28486990E-009
   -6.480000  0.30395589E-009
   -6.470000  0.32428819E-009
   -6.460000  0.34594596E-009
   -6.450000  0.36901326E-009
   -6.440000  0.39357930E-009
   -6.430000  0.41973879E-009
   -6.420000  0.44759221E-009
   -6.410000  0.47724624E-009
   -6.400000  0.50881403E-009
   -6.390000  0.54241565E-009
   -6.380000  0.57817846E-009
   -6.370000  0.61623759E-009
   -6.360000  0.65673631E-009
   -6.350000  0.69982659E-009
   -6.340000  0.74566958E-009
   -6.330000  0.79443612E-009
   -6.320000  0.84630734E-009
   -6.310000  0.90147525E-009
   -6.300000  0.96014334E-009
   -6.290000  0.10225273E-008
   -6.280000  0.10888557E-008
   -6.270000  0.11593706E-008
   -6.260000  0.12343288E-008
   -6.250000  0.13140018E-008
   -6.240000  0.13986777E-008
   -6.230000  0.14886614E-008
   -6.220000  0.15842757E-008
   -6.210000  0.16858625E-008
   -6.200000  0.17937839E-008
   -6.190000  0.19084231E-008
   -6.180000  0.20301858E-008
   -6.170000  0.21595013E-008
   -6.160000  0.22968240E-008
   -6.150000  0.24426348E-008
   -6.140000  0.25974425E-008
   -6.130000  0.27617853E-008
   -6.120000  0.29362325E-008
   -6.110000  0.31213865E-008
   -6.100000  0.33178842E-008
   -6.090000  0.35263992E-008
   -6.080000  0.37476437E-008
   -6.070000  0.39823707E-008
   -6.060000  0.42313763E-008
   -6.050000  0.44955018E-008
   -6.040000  0.47756367E-008
   -6.030000  0.50727207E-008
   -6.020000  0.53877470E-008
   -6.010000  0.57217649E-008
   -6.000000  0.60758828E-008
   -5.990000  0.64512719E-008
   -5.980000  0.68491688E-008
   -5.970000  0.72708798E-008
   -5.960000  0.77177842E-008
   -5.950000  0.81913384E-008
   -5.940000  0.86930800E-008
   -5.930000  0.92246321E-008
   -5.920000  0.97877079E-008
   -5.910000  0.10384116E-007
   -5.900000  0.11015764E-007
   -5.890000  0.11684665E-007
   -5.880000  0.12392944E-007
   -5.870000  0.13142842E-007
   -5.860000  0.13936723E-007
   -5.850000  0.14777080E-007
   -5.840000  0.15666541E-007
   -5.830000  0.16607880E-007
   -5.820000  0.17604020E-007
   -5.810000  0.18658043E-007
   -5.800000  0.19773196E-007
   -5.790000  0.20952905E-007
   -5.780000  0.22200777E-007
   -5.770000  0.23520616E-007
   -5.760000  0.24916427E-007
   -5.750000  0.26392432E-007
   -5.740000  0.27953078E-007
   -5.730000  0.29603047E-007
   -5.720000  0.31347274E-007
   -5.710000  0.33190952E-007
   -5.700000  0.35139551E-007
   -5.690000  0.37198830E-007
   -5.680000  0.39374851E-007
   -5.670000  0.41673995E-007
   -5.660000  0.44102978E-007
   -5.650000  0.46668868E-007
   -5.640000  0.49379102E-007
   -5.630000  0.52241506E-007
   -5.620000  0.55264310E-007
   -5.610000  0.58456174E-007
   -5.600000  0.61826205E-007
   -5.590000  0.65383982E-007
   -5.580000  0.69139576E-007
   -5.570000  0.73103577E-007
   -5.560000  0.77287119E-007
   -5.550000  0.81701904E-007
   -5.540000  0.86360233E-007
   -5.530000  0.91275034E-007
   -5.520000  0.96459893E-007
   -5.510000  0.10192908E-006
   -5.500000  0.10769760E-006
   -5.490000  0.11378120E-006
   -5.480000  0.12019643E-006
   -5.470000  0.12696066E-006
   -5.460000  0.13409216E-006
   -5.450000  0.14161007E-006
   -5.440000  0.14953453E-006
   -5.430000  0.15788664E-006
   -5.420000  0.16668858E-006
   -5.410000  0.17596363E-006
   -5.400000  0.18573618E-006
   -5.390000  0.19603188E-006
   -5.380000  0.20687760E-006
   -5.370000  0.21830154E-006
   -5.360000  0.23033328E-006
   -5.350000  0.24300385E-006
   -5.340000  0.25634580E-006
   -5.330000  0.27039323E-006
   -5.320000  0.28518192E-006
   -5.310000  0.30074938E-006
   -5.300000  0.31713492E-006
   -5.290000  0.33437974E-006
   -5.280000  0.35252703E-006
   -5.270000  0.37162204E-006
   -5.260000  0.39171217E-006
   -5.250000  0.41284710E-006
   -5.240000  0.43507886E-006
   -5.230000  0.45846195E-006
   -5.220000  0.48305345E-006
   -5.210000  0.50891311E-006
   -5.200000  0.53610353E-006
   -5.190000  0.56469022E-006
   -5.180000  0.59474177E-006
   -5.170000  0.62632995E-006
   -5.160000  0.65952990E-006
   -5.150000  0.69442024E-006
   -5.140000  0.73108322E-006
   -5.130000  0.76960493E-006
   -5.120000  0.81007538E-006
   -5.110000  0.85258875E-006
   -5.100000  0.89724352E-006
   -5.090000  0.94414268E-006
   -5.080000  0.99339394E-006
   -5.070000  0.10451099E-005
   -5.060000  0.10994082E-005
   -5.050000  0.11564119E-005
   -5.040000  0.12162496E-005
   -5.030000  0.12790556E-005
   -5.020000  0.13449704E-005
   -5.010000  0.14141406E-005
   -5.000000  0.14867195E-005
   -4.990000  0.15628671E-005
   -4.980000  0.16427506E-005
   -4.970000  0.17265445E-005
   -4.960000  0.18144312E-005
   -4.950000  0.19066009E-005
   -4.940000  0.20032523E-005
   -4.930000  0.21045928E-005
   -4.920000  0.22108389E-005
   -4.910000  0.23222163E-005
   -4.900000  0.24389607E-005
   -4.890000  0.25613181E-005
   -4.880000  0.26895450E-005
   -4.870000  0.28239088E-005
   -4.860000  0.29646887E-005
   -4.850000  0.31121756E-005
   -4.840000  0.32666730E-005
   -4.830000  0.34284972E-005
   -4.820000  0.35979780E-005
   -4.810000  0.37754592E-005
   -4.800000  0.39612991E-005
   -4.790000  0.41558710E-005
   -4.780000  0.43595639E-005
   -4.770000  0.45727832E-005
   -4.760000  0.47959510E-005
   -4.750000  0.50295073E-005
   -4.740000  0.52739100E-005
   -4.730000  0.55296362E-005
   -4.720000  0.57971825E-005
   -4.710000  0.60770661E-005
   -4.700000  0.63698252E-005
   -4.690000  0.66760202E-005
   -4.680000  0.69962341E-005
   -4.670000  0.73310740E-005
   -4.660000  0.76811711E-005
   -4.650000  0.80471825E-005
   -4.640000  0.84297914E-005
   -4.630000  0.88297087E-005
   -4.620000  0.92476737E-005
   -4.610000  0.96844550E-005
   -4.600000  0.10140852E-004
   -4.590000  0.10617696E-004
   -4.580000  0.11115850E-004
   -4.570000  0.11636213E-004
   -4.560000  0.12179717E-004
   -4.550000  0.12747332E-004
   -4.540000  0.13340066E-004
   -4.530000  0.13958966E-004
   -4.520000  0.14605118E-004
   -4.510000  0.15279652E-004
   -4.500000  0.15983741E-004
   -4.490000  0.16718603E-004
   -4.480000  0.17485501E-004
   -4.470000  0.18285749E-004
   -4.460000  0.19120710E-004
   -4.450000  0.19991797E-004
   -4.440000  0.20900478E-004
   -4.430000  0.21848276E-004
   -4.420000  0.22836772E-004
   -4.410000  0.23867603E-004
   -4.400000  0.24942471E-004
   -4.390000  0.26063139E-004
   -4.380000  0.27231436E-004
   -4.370000  0.28449256E-004
   -4.360000  0.29718568E-004
   -4.350000  0.31041407E-004
   -4.340000  0.32419887E-004
   -4.330000  0.33856196E-004
   -4.320000  0.35352603E-004
   -4.310000  0.36911458E-004
   -4.300000  0.38535197E-004
   -4.290000  0.40226341E-004
   -4.280000  0.41987503E-004
   -4.270000  0.43821389E-004
   -4.260000  0.45730800E-004
   -4.250000  0.47718637E-004
   -4.240000  0.49787902E-004
   -4.230000  0.51941705E-004
   -4.220000  0.54183261E-004
   -4.210000  0.56515901E-004
   -4.200000  0.58943068E-004
   -4.190000  0.61468326E-004
   -4.180000  0.64095363E-004
   -4.170000  0.66827991E-004
   -4.160000  0.69670154E-004
   -4.150000  0.72625930E-004
   -4.140000  0.75699536E-004
   -4.130000  0.78895329E-004
   -4.120000  0.82217817E-004
   -4.110000  0.85671655E-004
   -4.100000  0.89261657E-004
   -4.090000  0.92992796E-004
   -4.080000  0.96870208E-004
   -4.070000  0.10089920E-003
   -4.060000  0.10508526E-003
   -4.050000  0.10943404E-003
   -4.040000  0.11395140E-003
   -4.030000  0.11864336E-003
   -4.020000  0.12351616E-003
   -4.010000  0.12857624E-003
   -4.000000  0.13383023E-003
   -3.990000  0.13928498E-003
   -3.980000  0.14494756E-003
   -3.970000  0.15082527E-003
   -3.960000  0.15692563E-003
   -3.950000  0.16325641E-003
   -3.940000  0.16982560E-003
   -3.930000  0.17664146E-003
   -3.920000  0.18371250E-003
   -3.910000  0.19104749E-003
   -3.900000  0.19865547E-003
   -3.890000  0.20654577E-003
   -3.880000  0.21472798E-003
   -3.870000  0.22321201E-003
   -3.860000  0.23200804E-003
   -3.850000  0.24112658E-003
   -3.840000  0.25057844E-003
   -3.830000  0.26037477E-003
   -3.820000  0.27052703E-003
   -3.810000  0.28104703E-003
   -3.800000  0.29194693E-003
   -3.790000  0.30323923E-003
   -3.780000  0.31493681E-003
   -3.770000  0.32705293E-003
   -3.760000  0.33960121E-003
   -3.750000  0.35259568E-003
   -3.740000  0.36605076E-003
   -3.730000  0.37998129E-003
   -3.720000  0.39440252E-003
   -3.710000  0.40933014E-003
   -3.700000  0.42478027E-003
   -3.690000  0.44076948E-003
   -3.680000  0.45731481E-003
   -3.670000  0.47443377E-003
   -3.660000  0.49214433E-003
   -3.650000  0.51046497E-003
   -3.640000  0.52941468E-003
   -3.630000  0.54901295E-003
   -3.620000  0.56927978E-003
   -3.610000  0.59023574E-003
   -3.600000  0.61190193E-003
   -3.590000  0.63430000E-003
   -3.580000  0.65745218E-003
   -3.570000  0.68138128E-003
   -3.560000  0.70611070E-003
   -3.550000  0.73166446E-003
   -3.540000  0.75806719E-003
   -3.530000  0.78534415E-003
   -3.520000  0.81352123E-003
   -3.510000  0.84262500E-003
   -3.500000  0.87268270E-003
   -3.490000  0.90372221E-003
   -3.480000  0.93577216E-003
   -3.470000  0.96886184E-003
   -3.460000  0.10030213E-002
   -3.450000  0.10382813E-002
   -3.440000  0.10746733E-002
   -3.430000  0.11122297E-002
   -3.420000  0.11509834E-002
   -3.410000  0.11909684E-002
   -3.400000  0.12322192E-002
   -3.390000  0.12747712E-002
   -3.380000  0.13186609E-002
   -3.370000  0.13639252E-002
   -3.360000  0.14106023E-002
   -3.350000  0.14587308E-002
   -3.340000  0.15083506E-002
   -3.330000  0.15595023E-002
   -3.320000  0.16122275E-002
   -3.310000  0.16665685E-002
   -3.300000  0.17225689E-002
   -3.290000  0.17802730E-002
   -3.280000  0.18397262E-002
   -3.270000  0.19009747E-002
   -3.260000  0.19640659E-002
   -3.250000  0.20290481E-002
   -3.240000  0.20959706E-002
   -3.230000  0.21648839E-002
   -3.220000  0.22358394E-002
   -3.210000  0.23088897E-002
   -3.200000  0.23840882E-002
   -3.190000  0.24614897E-002
   -3.180000  0.25411500E-002
   -3.170000  0.26231260E-002
   -3.160000  0.27074758E-002
   -3.150000  0.27942584E-002
   -3.140000  0.28835343E-002
   -3.130000  0.29753651E-002
   -3.120000  0.30698133E-002
   -3.110000  0.31669429E-002
   -3.100000  0.32668191E-002
   -3.090000  0.33695080E-002
   -3.080000  0.34750774E-002
   -3.070000  0.35835959E-002
   -3.060000  0.36951337E-002
   -3.050000  0.38097621E-002
   -3.040000  0.39275536E-002
   -3.030000  0.40485822E-002
   -3.020000  0.41729230E-002
   -3.010000  0.43006525E-002
   -3.000000  0.44318484E-002
   -2.990000  0.45665900E-002
   -2.980000  0.47049575E-002
   -2.970000  0.48470329E-002
   -2.960000  0.49928992E-002
   -2.950000  0.51426409E-002
   -2.940000  0.52963439E-002
   -2.930000  0.54540952E-002
   -2.920000  0.56159836E-002
   -2.910000  0.57820989E-002
   -2.900000  0.59525324E-002
   -2.890000  0.61273769E-002
   -2.880000  0.63067264E-002
   -2.870000  0.64906764E-002
   -2.860000  0.66793237E-002
   -2.850000  0.68727667E-002
   -2.840000  0.70711049E-002
   -2.830000  0.72744394E-002
   -2.820000  0.74828725E-002
   -2.810000  0.76965082E-002
   -2.800000  0.79154516E-002
   -2.790000  0.81398092E-002
   -2.780000  0.83696892E-002
   -2.770000  0.86052006E-002
   -2.760000  0.88464544E-002
   -2.750000  0.90935625E-002
   -2.740000  0.93466384E-002
   -2.730000  0.96057968E-002
   -2.720000  0.98711538E-002
   -2.710000  0.10142827E-001
   -2.700000  0.10420935E-001
   -2.690000  0.10705598E-001
   -2.680000  0.10996937E-001
   -2.670000  0.11295075E-001
   -2.660000  0.11600135E-001
   -2.650000  0.11912244E-001
   -2.640000  0.12231526E-001
   -2.630000  0.12558111E-001
   -2.620000  0.12892126E-001
   -2.610000  0.13233702E-001
   -2.600000  0.13582969E-001
   -2.590000  0.13940061E-001
   -2.580000  0.14305109E-001
   -2.570000  0.14678249E-001
   -2.560000  0.15059616E-001
   -2.550000  0.15449347E-001
   -2.540000  0.15847579E-001
   -2.530000  0.16254450E-001
   -2.520000  0.16670101E-001
   -2.510000  0.17094670E-001
   -2.500000  0.17528300E-001
   -2.490000  0.17971133E-001
   -2.480000  0.18423311E-001
   -2.470000  0.18884977E-001
   -2.460000  0.19356277E-001
   -2.450000  0.19837354E-001
   -2.440000  0.20328356E-001
   -2.430000  0.20829427E-001
   -2.420000  0.21340715E-001
   -2.410000  0.21862367E-001
   -2.400000  0.22394530E-001
   -2.390000  0.22937354E-001
   -2.380000  0.23490985E-001
   -2.370000  0.24055574E-001
   -2.360000  0.24631269E-001
   -2.350000  0.25218220E-001
   -2.340000  0.25816575E-001
   -2.330000  0.26426485E-001
   -2.320000  0.27048100E-001
   -2.310000  0.27681567E-001
   -2.300000  0.28327038E-001
   -2.290000  0.28984661E-001
   -2.280000  0.29654585E-001
   -2.270000  0.30336959E-001
   -2.260000  0.31031932E-001
   -2.250000  0.31739652E-001
   -2.240000  0.32460266E-001
   -2.230000  0.33193921E-001
   -2.220000  0.33940763E-001
   -2.210000  0.34700939E-001
   -2.200000  0.35474593E-001
   -2.190000  0.36261869E-001
   -2.180000  0.37062910E-001
   -2.170000  0.37877859E-001
   -2.160000  0.38706856E-001
   -2.150000  0.39550042E-001
   -2.140000  0.40407554E-001
   -2.130000  0.41279530E-001
   -2.120000  0.42166107E-001
   -2.110000  0.43067418E-001
   -2.100000  0.43983596E-001
   -2.090000  0.44914772E-001
   -2.080000  0.45861076E-001
   -2.070000  0.46822635E-001
   -2.060000  0.47799575E-001
   -2.050000  0.48792019E-001
   -2.040000  0.49800088E-001
   -2.030000  0.50823901E-001
   -2.020000  0.51863577E-001
   -2.010000  0.52919228E-001
   -2.000000  0.53990967E-001
   -1.990000  0.55078902E-001
   -1.980000  0.56183142E-001
   -1.970000  0.57303789E-001
   -1.960000  0.58440944E-001
   -1.950000  0.59594706E-001
   -1.940000  0.60765169E-001
   -1.930000  0.61952425E-001
   -1.920000  0.63156561E-001
   -1.910000  0.64377664E-001
   -1.900000  0.65615815E-001
   -1.890000  0.66871091E-001
   -1.880000  0.68143566E-001
   -1.870000  0.69433312E-001
   -1.860000  0.70740393E-001
   -1.850000  0.72064874E-001
   -1.840000  0.73406813E-001
   -1.830000  0.74766262E-001
   -1.820000  0.76143274E-001
   -1.810000  0.77537892E-001
   -1.800000  0.78950158E-001
   -1.790000  0.80380109E-001
   -1.780000  0.81827776E-001
   -1.770000  0.83293186E-001
   -1.760000  0.84776361E-001
   -1.750000  0.86277319E-001
   -1.740000  0.87796071E-001
   -1.730000  0.89332623E-001
   -1.720000  0.90886979E-001
   -1.710000  0.92459133E-001
   -1.700000  0.94049077E-001
   -1.690000  0.95656796E-001
   -1.680000  0.97282269E-001
   -1.670000  0.98925471E-001
   -1.660000  0.10058637     
   -1.650000  0.10226492     
   -1.640000  0.10396110     
   -1.630000  0.10567483     
   -1.620000  0.10740608     
   -1.610000  0.10915477     
   -1.600000  0.11092083     
   -1.590000  0.11270421     
   -1.580000  0.11450480     
   -1.570000  0.11632253     
   -1.560000  0.11815730     
   -1.550000  0.12000900     
   -1.540000  0.12187754     
   -1.530000  0.12376279     
   -1.520000  0.12566464     
   -1.510000  0.12758295     
   -1.500000  0.12951760     
   -1.490000  0.13146843     
   -1.480000  0.13343530     
   -1.470000  0.13541806     
   -1.460000  0.13741654     
   -1.450000  0.13943057     
   -1.440000  0.14145997     
   -1.430000  0.14350455     
   -1.420000  0.14556413     
   -1.410000  0.14763850     
   -1.400000  0.14972747     
   -1.390000  0.15183080     
   -1.380000  0.15394829     
   -1.370000  0.15607970     
   -1.360000  0.15822479     
   -1.350000  0.16038333     
   -1.340000  0.16255506     
   -1.330000  0.16473972     
   -1.320000  0.16693704     
   -1.310000  0.16914676     
   -1.300000  0.17136859     
   -1.290000  0.17360225     
   -1.280000  0.17584743     
   -1.270000  0.17810384     
   -1.260000  0.18037116     
   -1.250000  0.18264909     
   -1.240000  0.18493728     
   -1.230000  0.18723542     
   -1.220000  0.18954316     
   -1.210000  0.19186015     
   -1.200000  0.19418605     
   -1.190000  0.19652050     
   -1.180000  0.19886312     
   -1.170000  0.20121354     
   -1.160000  0.20357139     
   -1.150000  0.20593627     
   -1.140000  0.20830779     
   -1.130000  0.21068555     
   -1.120000  0.21306915     
   -1.110000  0.21545816     
   -1.100000  0.21785218     
   -1.090000  0.22025077     
   -1.080000  0.22265350     
   -1.070000  0.22505994     
   -1.060000  0.22746963     
   -1.050000  0.22988214     
   -1.040000  0.23229700     
   -1.030000  0.23471376     
   -1.020000  0.23713195     
   -1.010000  0.23955110     
   -1.000000  0.24197072     
   -0.990000  0.24439035     
   -0.980000  0.24680949     
   -0.970000  0.24922765     
   -0.960000  0.25164434     
   -0.950000  0.25405906     
   -0.940000  0.25647129     
   -0.930000  0.25888055     
   -0.920000  0.26128630     
   -0.910000  0.26368804     
   -0.900000  0.26608525     
   -0.890000  0.26847740     
   -0.880000  0.27086397     
   -0.870000  0.27324443     
   -0.860000  0.27561825     
   -0.850000  0.27798489     
   -0.840000  0.28034381     
   -0.830000  0.28269448     
   -0.820000  0.28503636     
   -0.810000  0.28736890     
   -0.800000  0.28969155     
   -0.790000  0.29200378     
   -0.780000  0.29430503     
   -0.770000  0.29659475     
   -0.760000  0.29887241     
   -0.750000  0.30113743     
   -0.740000  0.30338928     
   -0.730000  0.30562741     
   -0.720000  0.30785126     
   -0.710000  0.31006028     
   -0.700000  0.31225393     
   -0.690000  0.31443166     
   -0.680000  0.31659291     
   -0.670000  0.31873714     
   -0.660000  0.32086380     
   -0.650000  0.32297236     
   -0.640000  0.32506226     
   -0.630000  0.32713298     
   -0.620000  0.32918396     
   -0.610000  0.33121468     
   -0.600000  0.33322460     
   -0.590000  0.33521320     
   -0.580000  0.33717994     
   -0.570000  0.33912431     
   -0.560000  0.34104579     
   -0.550000  0.34294386     
   -0.540000  0.34481800     
   -0.530000  0.34666772     
   -0.520000  0.34849251     
   -0.510000  0.35029188     
   -0.500000  0.35206533     
   -0.490000  0.35381237     
   -0.480000  0.35553253     
   -0.470000  0.35722533     
   -0.460000  0.35889029     
   -0.450000  0.36052696     
   -0.440000  0.36213488     
   -0.430000  0.36371360     
   -0.420000  0.36526267     
   -0.410000  0.36678166     
   -0.400000  0.36827014     
   -0.390000  0.36972768     
   -0.380000  0.37115388     
   -0.370000  0.37254832     
   -0.360000  0.37391061     
   -0.350000  0.37524035     
   -0.340000  0.37653716     
   -0.330000  0.37780068     
   -0.320000  0.37903053     
   -0.310000  0.38022635     
   -0.300000  0.38138782     
   -0.290000  0.38251457     
   -0.280000  0.38360629     
   -0.270000  0.38466266     
   -0.260000  0.38568337     
   -0.250000  0.38666812     
   -0.240000  0.38761662     
   -0.230000  0.38852859     
   -0.220000  0.38940376     
   -0.210000  0.39024188     
   -0.200000  0.39104269     
   -0.190000  0.39180597     
   -0.180000  0.39253148     
   -0.170000  0.39321901     
   -0.160000  0.39386836     
   -0.150000  0.39447933     
   -0.140000  0.39505174     
   -0.130000  0.39558542     
   -0.120000  0.39608021     
   -0.110000  0.39653597     
   -0.100000  0.39695255     
   -0.090000  0.39732983     
   -0.080000  0.39766771     
   -0.070000  0.39796607     
   -0.060000  0.39822483     
   -0.050000  0.39844391     
   -0.040000  0.39862325     
   -0.030000  0.39876280     
   -0.020000  0.39886250     
   -0.010000  0.39892233     
    0.000000  0.39894228     
    0.010000  0.39892233     
    0.020000  0.39886250     
    0.030000  0.39876280     
    0.040000  0.39862325     
    0.050000  0.39844391     
    0.060000  0.39822483     
    0.070000  0.39796607     
    0.080000  0.39766771     
    0.090000  0.39732983     
    0.100000  0.39695255     
    0.110000  0.39653597     
    0.120000  0.39608021     
    0.130000  0.39558542     
    0.140000  0.39505174     
    0.150000  0.39447933     
    0.160000  0.39386836     
    0.170000  0.39321901     
    0.180000  0.39253148     
    0.190000  0.39180597     
    0.200000  0.39104269     
    0.210000  0.39024188     
    0.220000  0.38940376     
    0.230000  0.38852859     
    0.240000  0.38761662     
    0.250000  0.38666812     
    0.260000  0.38568337     
    0.270000  0.38466266     
    0.280000  0.38360629     
    0.290000  0.38251457     
    0.300000  0.38138782     
    0.310000  0.38022635     
    0.320000  0.37903053     
    0.330000  0.37780068     
    0.340000  0.37653716     
    0.350000  0.37524035     
    0.360000  0.37391061     
    0.370000  0.37254832     
    0.380000  0.37115388     
    0.390000  0.36972768     
    0.400000  0.36827014     
    0.410000  0.36678166     
    0.420000  0.36526267     
    0.430000  0.36371360     
    0.440000  0.36213488     
    0.450000  0.36052696     
    0.460000  0.35889029     
    0.470000  0.35722533     
    0.480000  0.35553253     
    0.490000  0.35381237     
    0.500000  0.35206533     
    0.510000  0.35029188     
    0.520000  0.34849251     
    0.530000  0.34666772     
    0.540000  0.34481800     
    0.550000  0.34294386     
    0.560000  0.34104579     
    0.570000  0.33912431     
    0.580000  0.33717994     
    0.590000  0.33521320     
    0.600000  0.33322460     
    0.610000  0.33121468     
    0.620000  0.32918396     
    0.630000  0.32713298     
    0.640000  0.32506226     
    0.650000  0.32297236     
    0.660000  0.32086380     
    0.670000  0.31873714     
    0.680000  0.31659291     
    0.690000  0.31443166     
    0.700000  0.31225393     
    0.710000  0.31006028     
    0.720000  0.30785126     
    0.730000  0.30562741     
    0.740000  0.30338928     
    0.750000  0.30113743     
    0.760000  0.29887241     
    0.770000  0.29659475     
    0.780000  0.29430503     
    0.790000  0.29200378     
    0.800000  0.28969155     
    0.810000  0.28736890     
    0.820000  0.28503636     
    0.830000  0.28269448     
    0.840000  0.28034381     
    0.850000  0.27798489     
    0.860000  0.27561825     
    0.870000  0.27324443     
    0.880000  0.27086397     
    0.890000  0.26847740     
    0.900000  0.26608525     
    0.910000  0.26368804     
    0.920000  0.26128630     
    0.930000  0.25888055     
    0.940000  0.25647129     
    0.950000  0.25405906     
    0.960000  0.25164434     
    0.970000  0.24922765     
    0.980000  0.24680949     
    0.990000  0.24439035     
    1.000000  0.24197072     
    1.010000  0.23955110     
    1.020000  0.23713195     
    1.030000  0.23471376     
    1.040000  0.23229700     
    1.050000  0.22988214     
    1.060000  0.22746963     
    1.070000  0.22505994     
    1.080000  0.22265350     
    1.090000  0.22025077     
    1.100000  0.21785218     
    1.110000  0.21545816     
    1.120000  0.21306915     
    1.130000  0.21068555     
    1.140000  0.20830779     
    1.150000  0.20593627     
    1.160000  0.20357139     
    1.170000  0.20121354     
    1.180000  0.19886312     
    1.190000  0.19652050     
    1.200000  0.19418605     
    1.210000  0.19186015     
    1.220000  0.18954316     
    1.230000  0.18723542     
    1.240000  0.18493728     
    1.250000  0.18264909     
    1.260000  0.18037116     
    1.270000  0.17810384     
    1.280000  0.17584743     
    1.290000  0.17360225     
    1.300000  0.17136859     
    1.310000  0.16914676     
    1.320000  0.16693704     
    1.330000  0.16473972     
    1.340000  0.16255506     
    1.350000  0.16038333     
    1.360000  0.15822479     
    1.370000  0.15607970     
    1.380000  0.15394829     
    1.390000  0.15183080     
    1.400000  0.14972747     
    1.410000  0.14763850     
    1.420000  0.14556413     
    1.430000  0.14350455     
    1.440000  0.14145997     
    1.450000  0.13943057     
    1.460000  0.13741654     
    1.470000  0.13541806     
    1.480000  0.13343530     
    1.490000  0.13146843     
    1.500000  0.12951760     
    1.510000  0.12758295     
    1.520000  0.12566464     
    1.530000  0.12376279     
    1.540000  0.12187754     
    1.550000  0.12000900     
    1.560000  0.11815730     
    1.570000  0.11632253     
    1.580000  0.11450480     
    1.590000  0.11270421     
    1.600000  0.11092083     
    1.610000  0.10915477     
    1.620000  0.10740608     
    1.630000  0.10567483     
    1.640000  0.10396110     
    1.650000  0.10226492     
    1.660000  0.10058637     
    1.670000  0.98925471E-001
    1.680000  0.97282269E-001
    1.690000  0.95656796E-001
    1.700000  0.94049077E-001
    1.710000  0.92459133E-001
    1.720000  0.90886979E-001
    1.730000  0.89332623E-001
    1.740000  0.87796071E-001
    1.750000  0.86277319E-001
    1.760000  0.84776361E-001
    1.770000  0.83293186E-001
    1.780000  0.81827776E-001
    1.790000  0.80380109E-001
    1.800000  0.78950158E-001
    1.810000  0.77537892E-001
    1.820000  0.76143274E-001
    1.830000  0.74766262E-001
    1.840000  0.73406813E-001
    1.850000  0.72064874E-001
    1.860000  0.70740393E-001
    1.870000  0.69433312E-001
    1.880000  0.68143566E-001
    1.890000  0.66871091E-001
    1.900000  0.65615815E-001
    1.910000  0.64377664E-001
    1.920000  0.63156561E-001
    1.930000  0.61952425E-001
    1.940000  0.60765169E-001
    1.950000  0.59594706E-001
    1.960000  0.58440944E-001
    1.970000  0.57303789E-001
    1.980000  0.56183142E-001
    1.990000  0.55078902E-001
    2.000000  0.53990967E-001
    2.010000  0.52919228E-001
    2.020000  0.51863577E-001
    2.030000  0.50823901E-001
    2.040000  0.49800088E-001
    2.050000  0.48792019E-001
    2.060000  0.47799575E-001
    2.070000  0.46822635E-001
    2.080000  0.45861076E-001
    2.090000  0.44914772E-001
    2.100000  0.43983596E-001
    2.110000  0.43067418E-001
    2.120000  0.42166107E-001
    2.130000  0.41279530E-001
    2.140000  0.40407554E-001
    2.150000  0.39550042E-001
    2.160000  0.38706856E-001
    2.170000  0.37877859E-001
    2.180000  0.37062910E-001
    2.190000  0.36261869E-001
    2.200000  0.35474593E-001
    2.210000  0.34700939E-001
    2.220000  0.33940763E-001
    2.230000  0.33193921E-001
    2.240000  0.32460266E-001
    2.250000  0.31739652E-001
    2.260000  0.31031932E-001
    2.270000  0.30336959E-001
    2.280000  0.29654585E-001
    2.290000  0.28984661E-001
    2.300000  0.28327038E-001
    2.310000  0.27681567E-001
    2.320000  0.27048100E-001
    2.330000  0.26426485E-001
    2.340000  0.25816575E-001
    2.350000  0.25218220E-001
    2.360000  0.24631269E-001
    2.370000  0.24055574E-001
    2.380000  0.23490985E-001
    2.390000  0.22937354E-001
    2.400000  0.22394530E-001
    2.410000  0.21862367E-001
    2.420000  0.21340715E-001
    2.430000  0.20829427E-001
    2.440000  0.20328356E-001
    2.450000  0.19837354E-001
    2.460000  0.19356277E-001
    2.470000  0.18884977E-001
    2.480000  0.18423311E-001
    2.490000  0.17971133E-001
    2.500000  0.17528300E-001
    2.510000  0.17094670E-001
    2.520000  0.16670101E-001
    2.530000  0.16254450E-001
    2.540000  0.15847579E-001
    2.550000  0.15449347E-001
    2.560000  0.15059616E-001
    2.570000  0.14678249E-001
    2.580000  0.14305109E-001
    2.590000  0.13940061E-001
    2.600000  0.13582969E-001
    2.610000  0.13233702E-001
    2.620000  0.12892126E-001
    2.630000  0.12558111E-001
    2.640000  0.12231526E-001
    2.650000  0.11912244E-001
    2.660000  0.11600135E-001
    2.670000  0.11295075E-001
    2.680000  0.10996937E-001
    2.690000  0.10705598E-001
    2.700000  0.10420935E-001
    2.710000  0.10142827E-001
    2.720000  0.98711538E-002
    2.730000  0.96057968E-002
    2.740000  0.93466384E-002
    2.750000  0.90935625E-002
    2.760000  0.88464544E-002
    2.770000  0.86052006E-002
    2.780000  0.83696892E-002
    2.790000  0.81398092E-002
    2.800000  0.79154516E-002
    2.810000  0.76965082E-002
    2.820000  0.74828725E-002
    2.830000  0.72744394E-002
    2.840000  0.70711049E-002
    2.850000  0.68727667E-002
    2.860000  0.66793237E-002
    2.870000  0.64906764E-002
    2.880000  0.63067264E-002
    2.890000  0.61273769E-002
    2.900000  0.59525324E-002
    2.910000  0.57820989E-002
    2.920000  0.56159836E-002
    2.930000  0.54540952E-002
    2.940000  0.52963439E-002
    2.950000  0.51426409E-002
    2.960000  0.49928992E-002
    2.970000  0.48470329E-002
    2.980000  0.47049575E-002
    2.990000  0.45665900E-002
    3.000000  0.44318484E-002
    3.010000  0.43006525E-002
    3.020000  0.41729230E-002
    3.030000  0.40485822E-002
    3.040000  0.39275536E-002
    3.050000  0.38097621E-002
    3.060000  0.36951337E-002
    3.070000  0.35835959E-002
    3.080000  0.34750774E-002
    3.090000  0.33695080E-002
    3.100000  0.32668191E-002
    3.110000  0.31669429E-002
    3.120000  0.30698133E-002
    3.130000  0.29753651E-002
    3.140000  0.28835343E-002
    3.150000  0.27942584E-002
    3.160000  0.27074758E-002
    3.170000  0.26231260E-002
    3.180000  0.25411500E-002
    3.190000  0.24614897E-002
    3.200000  0.23840882E-002
    3.210000  0.23088897E-002
    3.220000  0.22358394E-002
    3.230000  0.21648839E-002
    3.240000  0.20959706E-002
    3.250000  0.20290481E-002
    3.260000  0.19640659E-002
    3.270000  0.19009747E-002
    3.280000  0.18397262E-002
    3.290000  0.17802730E-002
    3.300000  0.17225689E-002
    3.310000  0.16665685E-002
    3.320000  0.16122275E-002
    3.330000  0.15595023E-002
    3.340000  0.15083506E-002
    3.350000  0.14587308E-002
    3.360000  0.14106023E-002
    3.370000  0.13639252E-002
    3.380000  0.13186609E-002
    3.390000  0.12747712E-002
    3.400000  0.12322192E-002
    3.410000  0.11909684E-002
    3.420000  0.11509834E-002
    3.430000  0.11122297E-002
    3.440000  0.10746733E-002
    3.450000  0.10382813E-002
    3.460000  0.10030213E-002
    3.470000  0.96886184E-003
    3.480000  0.93577216E-003
    3.490000  0.90372221E-003
    3.500000  0.87268270E-003
    3.510000  0.84262500E-003
    3.520000  0.81352123E-003
    3.530000  0.78534415E-003
    3.540000  0.75806719E-003
    3.550000  0.73166446E-003
    3.560000  0.70611070E-003
    3.570000  0.68138128E-003
    3.580000  0.65745218E-003
    3.590000  0.63430000E-003
    3.600000  0.61190193E-003
    3.610000  0.59023574E-003
    3.620000  0.56927978E-003
    3.630000  0.54901295E-003
    3.640000  0.52941468E-003
    3.650000  0.51046497E-003
    3.660000  0.49214433E-003
    3.670000  0.47443377E-003
    3.680000  0.45731481E-003
    3.690000  0.44076948E-003
    3.700000  0.42478027E-003
    3.710000  0.40933014E-003
    3.720000  0.39440252E-003
    3.730000  0.37998129E-003
    3.740000  0.36605076E-003
    3.750000  0.35259568E-003
    3.760000  0.33960121E-003
    3.770000  0.32705293E-003
    3.780000  0.31493681E-003
    3.790000  0.30323923E-003
    3.800000  0.29194693E-003
    3.810000  0.28104703E-003
    3.820000  0.27052703E-003
    3.830000  0.26037477E-003
    3.840000  0.25057844E-003
    3.850000  0.24112658E-003
    3.860000  0.23200804E-003
    3.870000  0.22321201E-003
    3.880000  0.21472798E-003
    3.890000  0.20654577E-003
    3.900000  0.19865547E-003
    3.910000  0.19104749E-003
    3.920000  0.18371250E-003
    3.930000  0.17664146E-003
    3.940000  0.16982560E-003
    3.950000  0.16325641E-003
    3.960000  0.15692563E-003
    3.970000  0.15082527E-003
    3.980000  0.14494756E-003
    3.990000  0.13928498E-003
    4.000000  0.13383023E-003
    4.010000  0.12857624E-003
    4.020000  0.12351616E-003
    4.030000  0.11864336E-003
    4.040000  0.11395140E-003
    4.050000  0.10943404E-003
    4.060000  0.10508526E-003
    4.070000  0.10089920E-003
    4.080000  0.96870208E-004
    4.090000  0.92992796E-004
    4.100000  0.89261657E-004
    4.110000  0.85671655E-004
    4.120000  0.82217817E-004
    4.130000  0.78895329E-004
    4.140000  0.75699536E-004
    4.150000  0.72625930E-004
    4.160000  0.69670154E-004
    4.170000  0.66827991E-004
    4.180000  0.64095363E-004
    4.190000  0.61468326E-004
    4.200000  0.58943068E-004
    4.210000  0.56515901E-004
    4.220000  0.54183261E-004
    4.230000  0.51941705E-004
    4.240000  0.49787902E-004
    4.250000  0.47718637E-004
    4.260000  0.45730800E-004
    4.270000  0.43821389E-004
    4.280000  0.41987503E-004
    4.290000  0.40226341E-004
    4.300000  0.38535197E-004
    4.310000  0.36911458E-004
    4.320000  0.35352603E-004
    4.330000  0.33856196E-004
    4.340000  0.32419887E-004
    4.350000  0.31041407E-004
    4.360000  0.29718568E-004
    4.370000  0.28449256E-004
    4.380000  0.27231436E-004
    4.390000  0.26063139E-004
    4.400000  0.24942471E-004
    4.410000  0.23867603E-004
    4.420000  0.22836772E-004
    4.430000  0.21848276E-004
    4.440000  0.20900478E-004
    4.450000  0.19991797E-004
    4.460000  0.19120710E-004
    4.470000  0.18285749E-004
    4.480000  0.17485501E-004
    4.490000  0.16718603E-004
    4.500000  0.15983741E-004
    4.510000  0.15279652E-004
    4.520000  0.14605118E-004
    4.530000  0.13958966E-004
    4.540000  0.13340066E-004
    4.550000  0.12747332E-004
    4.560000  0.12179717E-004
    4.570000  0.11636213E-004
    4.580000  0.11115850E-004
    4.590000  0.10617696E-004
    4.600000  0.10140852E-004
    4.610000  0.96844550E-005
    4.620000  0.92476737E-005
    4.630000  0.88297087E-005
    4.640000  0.84297914E-005
    4.650000  0.80471825E-005
    4.660000  0.76811711E-005
    4.670000  0.73310740E-005
    4.680000  0.69962341E-005
    4.690000  0.66760202E-005
    4.700000  0.63698252E-005
    4.710000  0.60770661E-005
    4.720000  0.57971825E-005
    4.730000  0.55296362E-005
    4.740000  0.52739100E-005
    4.750000  0.50295073E-005
    4.760000  0.47959510E-005
    4.770000  0.45727832E-005
    4.780000  0.43595639E-005
    4.790000  0.41558710E-005
    4.800000  0.39612991E-005
    4.810000  0.37754592E-005
    4.820000  0.35979780E-005
    4.830000  0.34284972E-005
    4.840000  0.32666730E-005
    4.850000  0.31121756E-005
    4.860000  0.29646887E-005
    4.870000  0.28239088E-005
    4.880000  0.26895450E-005
    4.890000  0.25613181E-005
    4.900000  0.24389607E-005
    4.910000  0.23222163E-005
    4.920000  0.22108389E-005
    4.930000  0.21045928E-005
    4.940000  0.20032523E-005
    4.950000  0.19066009E-005
    4.960000  0.18144312E-005
    4.970000  0.17265445E-005
    4.980000  0.16427506E-005
    4.990000  0.15628671E-005
    5.000000  0.14867195E-005
    5.010000  0.14141406E-005
    5.020000  0.13449704E-005
    5.030000  0.12790556E-005
    5.040000  0.12162496E-005
    5.050000  0.11564119E-005
    5.060000  0.10994082E-005
    5.070000  0.10451099E-005
    5.080000  0.99339394E-006
    5.090000  0.94414268E-006
    5.100000  0.89724352E-006
    5.110000  0.85258875E-006
    5.120000  0.81007538E-006
    5.130000  0.76960493E-006
    5.140000  0.73108322E-006
    5.150000  0.69442024E-006
    5.160000  0.65952990E-006
    5.170000  0.62632995E-006
    5.180000  0.59474177E-006
    5.190000  0.56469022E-006
    5.200000  0.53610353E-006
    5.210000  0.50891311E-006
    5.220000  0.48305345E-006
    5.230000  0.45846195E-006
    5.240000  0.43507886E-006
    5.250000  0.41284710E-006
    5.260000  0.39171217E-006
    5.270000  0.37162204E-006
    5.280000  0.35252703E-006
    5.290000  0.33437974E-006
    5.300000  0.31713492E-006
    5.310000  0.30074938E-006
    5.320000  0.28518192E-006
    5.330000  0.27039323E-006
    5.340000  0.25634580E-006
    5.350000  0.24300385E-006
    5.360000  0.23033328E-006
    5.370000  0.21830154E-006
    5.380000  0.20687760E-006
    5.390000  0.19603188E-006
    5.400000  0.18573618E-006
    5.410000  0.17596363E-006
    5.420000  0.16668858E-006
    5.430000  0.15788664E-006
    5.440000  0.14953453E-006
    5.450000  0.14161007E-006
    5.460000  0.13409216E-006
    5.470000  0.12696066E-006
    5.480000  0.12019643E-006
    5.490000  0.11378120E-006
    5.500000  0.10769760E-006
    5.510000  0.10192908E-006
    5.520000  0.96459893E-007
    5.530000  0.91275034E-007
    5.540000  0.86360233E-007
    5.550000  0.81701904E-007
    5.560000  0.77287119E-007
    5.570000  0.73103577E-007
    5.580000  0.69139576E-007
    5.590000  0.65383982E-007
    5.600000  0.61826205E-007
    5.610000  0.58456174E-007
    5.620000  0.55264310E-007
    5.630000  0.52241506E-007
    5.640000  0.49379102E-007
    5.650000  0.46668868E-007
    5.660000  0.44102978E-007
    5.670000  0.41673995E-007
    5.680000  0.39374851E-007
    5.690000  0.37198830E-007
    5.700000  0.35139551E-007
    5.710000  0.33190952E-007
    5.720000  0.31347274E-007
    5.730000  0.29603047E-007
    5.740000  0.27953078E-007
    5.750000  0.26392432E-007
    5.760000  0.24916427E-007
    5.770000  0.23520616E-007
    5.780000  0.22200777E-007
    5.790000  0.20952905E-007
    5.800000  0.19773196E-007
    5.810000  0.18658043E-007
    5.820000  0.17604020E-007
    5.830000  0.16607880E-007
    5.840000  0.15666541E-007
    5.850000  0.14777080E-007
    5.860000  0.13936723E-007
    5.870000  0.13142842E-007
    5.880000  0.12392944E-007
    5.890000  0.11684665E-007
    5.900000  0.11015764E-007
    5.910000  0.10384116E-007
    5.920000  0.97877079E-008
    5.930000  0.92246321E-008
    5.940000  0.86930800E-008
    5.950000  0.81913384E-008
    5.960000  0.77177842E-008
    5.970000  0.72708798E-008
    5.980000  0.68491688E-008
    5.990000  0.64512719E-008
    6.000000  0.60758828E-008
    6.010000  0.57217649E-008
    6.020000  0.53877470E-008
    6.030000  0.50727207E-008
    6.040000  0.47756367E-008
    6.050000  0.44955018E-008
    6.060000  0.42313763E-008
    6.070000  0.39823707E-008
    6.080000  0.37476437E-008
    6.090000  0.35263992E-008
    6.100000  0.33178842E-008
    6.110000  0.31213865E-008
    6.120000  0.29362325E-008
    6.130000  0.27617853E-008
    6.140000  0.25974425E-008
    6.150000  0.24426348E-008
    6.160000  0.22968240E-008
    6.170000  0.21595013E-008
    6.180000  0.20301858E-008
    6.190000  0.19084231E-008
    6.200000  0.17937839E-008
    6.210000  0.16858625E-008
    6.220000  0.15842757E-008
    6.230000  0.14886614E-008
    6.240000  0.13986777E-008
    6.250000  0.13140018E-008
    6.260000  0.12343288E-008
    6.270000  0.11593706E-008
    6.280000  0.10888557E-008
    6.290000  0.10225273E-008
    6.300000  0.96014334E-009
    6.310000  0.90147525E-009
    6.320000  0.84630734E-009
    6.330000  0.79443612E-009
    6.340000  0.74566958E-009
    6.350000  0.69982659E-009
    6.360000  0.65673631E-009
    6.370000  0.61623759E-009
    6.380000  0.57817846E-009
    6.390000  0.54241565E-009
    6.400000  0.50881403E-009
    6.410000  0.47724624E-009
    6.420000  0.44759221E-009
    6.430000  0.41973879E-009
    6.440000  0.39357930E-009
    6.450000  0.36901326E-009
    6.460000  0.34594596E-009
    6.470000  0.32428819E-009
    6.480000  0.30395589E-009
    6.490000  0.28486990E-009
    6.500000  0.26695566E-009
    6.510000  0.25014296E-009
    6.520000  0.23436567E-009
    6.530000  0.21956155E-009
    6.540000  0.20567198E-009
    6.550000  0.19264181E-009
    6.560000  0.18041912E-009
    6.570000  0.16895503E-009
    6.580000  0.15820356E-009
    6.590000  0.14812146E-009
    6.600000  0.13866800E-009
    6.610000  0.12980490E-009
    6.620000  0.12149615E-009
    6.630000  0.11370787E-009
    6.640000  0.10640819E-009
    6.650000  0.99567179E-010
    6.660000  0.93156659E-010
    6.670000  0.87150158E-010
    6.680000  0.81522788E-010
    6.690000  0.76251157E-010
    6.700000  0.71313281E-010
    6.710000  0.66688504E-010
    6.720000  0.62357415E-010
    6.730000  0.58301778E-010
    6.740000  0.54504463E-010
    6.750000  0.50949380E-010
    6.760000  0.47621416E-010
    6.770000  0.44506381E-010
    6.780000  0.41590949E-010
    6.790000  0.38862609E-010
    6.800000  0.36309615E-010
    6.810000  0.33920942E-010
    6.820000  0.31686242E-010
    6.830000  0.29595804E-010
    6.840000  0.27640514E-010
    6.850000  0.25811821E-010
    6.860000  0.24101705E-010
    6.870000  0.22502639E-010
    6.880000  0.21007564E-010
    6.890000  0.19609862E-010
    6.900000  0.18303322E-010
    6.910000  0.17082125E-010
    6.920000  0.15940812E-010
    6.930000  0.14874266E-010
    6.940000  0.13877691E-010
    6.950000  0.12946592E-010
    6.960000  0.12076756E-010
    6.970000  0.11264234E-010
    6.980000  0.10505328E-010
    6.990000  0.97965725E-011
    7.000000  0.91347204E-011
    7.010000  0.85167310E-011
    7.020000  0.79397563E-011
    7.030000  0.74011292E-011
    7.040000  0.68983523E-011
    7.050000  0.64290873E-011
    7.060000  0.59911452E-011
    7.070000  0.55824770E-011
    7.080000  0.52011647E-011
    7.090000  0.48454135E-011
    7.100000  0.45135437E-011
    7.110000  0.42039837E-011
    7.120000  0.39152633E-011
    7.130000  0.36460070E-011
    7.140000  0.33949281E-011
    7.150000  0.31608235E-011
    7.160000  0.29425677E-011
    7.170000  0.27391087E-011
    7.180000  0.25494626E-011
    7.190000  0.23727096E-011
    7.200000  0.22079900E-011
    7.210000  0.20545002E-011
    7.220000  0.19114891E-011
    7.230000  0.17782551E-011
    7.240000  0.16541422E-011
    7.250000  0.15385380E-011
    7.260000  0.14308699E-011
    7.270000  0.13306035E-011
    7.280000  0.12372394E-011
    7.290000  0.11503113E-011
    7.300000  0.10693838E-011
    7.310000  0.99405035E-012
    7.320000  0.92393143E-012
    7.330000  0.85867273E-012
    7.340000  0.79794355E-012
    7.350000  0.74143527E-012
    7.360000  0.68885987E-012
    7.370000  0.63994860E-012
    7.380000  0.59445075E-012
    7.390000  0.55213239E-012
    7.400000  0.51277536E-012
    7.410000  0.47617616E-012
    7.420000  0.44214499E-012
    7.430000  0.41050490E-012
    7.440000  0.38109087E-012
    7.450000  0.35374908E-012
    7.460000  0.32833613E-012
    7.470000  0.30471834E-012
    7.480000  0.28277114E-012
    7.490000  0.26237843E-012
    7.500000  0.24343205E-012
    7.510000  0.22583121E-012
    7.520000  0.20948201E-012
    7.530000  0.19429699E-012
    7.540000  0.18019469E-012
    7.550000  0.16709924E-012
    7.560000  0.15493999E-012
    7.570000  0.14365116E-012
    7.580000  0.13317151E-012
    7.590000  0.12344403E-012
    7.600000  0.11441565E-012
    7.610000  0.10603698E-012
    7.620000  0.98262047E-013
    7.630000  0.91048093E-013
    7.640000  0.84355319E-013
    7.650000  0.78146703E-013
    7.660000  0.72387806E-013
    7.670000  0.67046597E-013
    7.680000  0.62093286E-013
    7.690000  0.57500168E-013
    7.700000  0.53241484E-013
    7.710000  0.49293285E-013
    7.720000  0.45633307E-013
    7.730000  0.42240854E-013
    7.740000  0.39096692E-013
    7.750000  0.36182945E-013
    7.760000  0.33483000E-013
    7.770000  0.30981426E-013
    7.780000  0.28663882E-013
    7.790000  0.26517048E-013
    7.800000  0.24528553E-013
    7.810000  0.22686904E-013
    7.820000  0.20981432E-013
    7.830000  0.19402227E-013
    7.840000  0.17940090E-013
    7.850000  0.16586479E-013
    7.860000  0.15333468E-013
    7.870000  0.14173696E-013
    7.880000  0.13100336E-013
    7.890000  0.12107049E-013
    7.900000  0.11187956E-013
    7.910000  0.10337601E-013
    7.920000  0.95509236E-014
    7.930000  0.88232286E-014
    7.940000  0.81501625E-014
    7.950000  0.75276873E-014
    7.960000  0.69520589E-014
    7.970000  0.64198058E-014
    7.980000  0.59277094E-014
    7.990000  0.54727863E-014
    8.000000  0.50522711E-014
    8.010000  0.46636008E-014
    8.020000  0.43044005E-014
    8.030000  0.39724692E-014
    8.040000  0.36657680E-014
    8.050000  0.33824079E-014
    8.060000  0.31206392E-014
    8.070000  0.28788412E-014
    8.080000  0.26555130E-014
    8.090000  0.24492647E-014
    8.100000  0.22588094E-014
    8.110000  0.20829556E-014
    8.120000  0.19206004E-014
    8.130000  0.17707229E-014
    8.140000  0.16323780E-014
    8.150000  0.15046915E-014
    8.160000  0.13868540E-014
    8.170000  0.12781169E-014
    8.180000  0.11777877E-014
    8.190000  0.10852256E-014
    8.200000  0.99983787E-015
    8.210000  0.92107654E-015
    8.220000  0.84843472E-015
    8.230000  0.78144373E-015
    8.240000  0.71967026E-015
    8.250000  0.66271375E-015
    8.260000  0.61020389E-015
    8.270000  0.56179844E-015
    8.280000  0.51718112E-015
    8.290000  0.47605964E-015
    8.300000  0.43816394E-015
    8.310000  0.40324453E-015
    8.320000  0.37107090E-015
    8.330000  0.34143016E-015
    8.340000  0.31412567E-015
    8.350000  0.28897586E-015
    8.360000  0.26581302E-015
    8.370000  0.24448236E-015
    8.380000  0.22484092E-015
    8.390000  0.20675678E-015
    8.400000  0.19010815E-015
    8.410000  0.17478264E-015
    8.420000  0.16067652E-015
    8.430000  0.14769408E-015
    8.440000  0.13574704E-015
    8.450000  0.12475392E-015
    8.460000  0.11463958E-015
    8.470000  0.10533473E-015
    8.480000  0.96775430E-016
    8.490000  0.88902756E-016
    8.500000  0.81662356E-016
    8.510000  0.75004127E-016
    8.520000  0.68881879E-016
    8.530000  0.63253037E-016
    8.540000  0.58078360E-016
    8.550000  0.53321687E-016
    8.560000  0.48949695E-016
    8.570000  0.44931681E-016
    8.580000  0.41239360E-016
    8.590000  0.37846675E-016
    8.600000  0.34729627E-016
    8.610000  0.31866112E-016
    8.620000  0.29235775E-016
    8.630000  0.26819873E-016
    8.640000  0.24601149E-016
    8.650000  0.22563716E-016
    8.660000  0.20692952E-016
    8.670000  0.18975395E-016
    8.680000  0.17398659E-016
    8.690000  0.15951345E-016
    8.700000  0.14622964E-016
    8.710000  0.13403866E-016
    8.720000  0.12285174E-016
    8.730000  0.11258722E-016
    8.740000  0.10317001E-016
    8.750000  0.94531039E-017
    8.760000  0.86606791E-017
    8.770000  0.79338875E-017
    8.780000  0.72673604E-017
    8.790000  0.66561627E-017
    8.800000  0.60957581E-017
    8.810000  0.55819777E-017
    8.820000  0.51109901E-017
    8.830000  0.46792748E-017
    8.840000  0.42835973E-017
    8.850000  0.39209860E-017
    8.860000  0.35887112E-017
    8.870000  0.32842658E-017
    8.880000  0.30053473E-017
    8.890000  0.27498411E-017
    8.900000  0.25158058E-017
    8.910000  0.23014587E-017
    8.920000  0.21051635E-017
    8.930000  0.19254181E-017
    8.940000  0.17608438E-017
    8.950000  0.16101754E-017
    8.960000  0.14722519E-017
    8.970000  0.13460080E-017
    8.980000  0.12304662E-017
    8.990000  0.11247302E-017
    9.000000  0.10279774E-017
    9.010000  0.93945359E-018
    9.020000  0.85846715E-018
    9.030000  0.78438378E-018
    9.040000  0.71662194E-018
    9.050000  0.65464848E-018
    9.060000  0.59797468E-018
    9.070000  0.54615260E-018
    9.080000  0.49877167E-018
    9.090000  0.45545568E-018
    9.100000  0.41585990E-018
    9.110000  0.37966847E-018
    9.120000  0.34659204E-018
    9.130000  0.31636557E-018
    9.140000  0.28874629E-018
    9.150000  0.26351187E-018
    9.160000  0.24045872E-018
    9.170000  0.21940041E-018
    9.180000  0.20016628E-018
    9.190000  0.18260008E-018
    9.200000  0.16655880E-018
    9.210000  0.15191155E-018
    9.220000  0.13853852E-018
    9.230000  0.12633011E-018
    9.240000  0.11518602E-018
    9.250000  0.10501450E-018
    9.260000  0.95731598E-019
    9.270000  0.87260546E-019
    9.280000  0.79531122E-019
    9.290000  0.72479113E-019
    9.300000  0.66045799E-019
    9.310000  0.60177493E-019
    9.320000  0.54825117E-019
    9.330000  0.49943802E-019
    9.340000  0.45492543E-019
    9.350000  0.41433860E-019
    9.360000  0.37733505E-019
    9.370000  0.34360183E-019
    9.380000  0.31285303E-019
    9.390000  0.28482744E-019
    9.400000  0.25928647E-019
    9.410000  0.23601220E-019
    9.420000  0.21480562E-019
    9.430000  0.19548497E-019
    9.440000  0.17788433E-019
    9.450000  0.16185219E-019
    9.460000  0.14725025E-019
    9.470000  0.13395227E-019
    9.480000  0.12184302E-019
    9.490000  0.11081737E-019
    9.500000  0.10077935E-019
    9.510000  0.91641435E-020
    9.520000  0.83323741E-020
    9.530000  0.75753414E-020
    9.540000  0.68863998E-020
    9.550000  0.62594882E-020
    9.560000  0.56890793E-020
    9.570000  0.51701330E-020
    9.580000  0.46980542E-020
    9.590000  0.42686534E-020
    9.600000  0.38781119E-020
    9.610000  0.35229490E-020
    9.620000  0.31999924E-020
    9.630000  0.29063512E-020
    9.640000  0.26393916E-020
    9.650000  0.23967135E-020
    9.660000  0.21761308E-020
    9.670000  0.19756519E-020
    9.680000  0.17934631E-020
    9.690000  0.16279123E-020
    9.700000  0.14774955E-020
    9.710000  0.13408429E-020
    9.720000  0.12167075E-020
    9.730000  0.11039542E-020
    9.740000  0.10015496E-020
    9.750000  0.90855343E-021
    9.760000  0.82410974E-021
    9.770000  0.74743975E-021
    9.780000  0.67783487E-021
    9.790000  0.61465043E-021
    9.800000  0.55730000E-021
    9.810000  0.50525017E-021
    9.820000  0.45801581E-021
    9.830000  0.41515573E-021
    9.840000  0.37626877E-021
    9.850000  0.34099019E-021
    9.860000  0.30898839E-021
    9.870000  0.27996195E-021
    9.880000  0.25363690E-021
    9.890000  0.22976423E-021
    9.900000  0.20811768E-021
    9.910000  0.18849165E-021
    9.920000  0.17069933E-021
    9.930000  0.15457102E-021
    9.940000  0.13995259E-021
    9.950000  0.12670401E-021
    9.960000  0.11469813E-021
    9.970000  0.10381949E-021
    9.980000  0.93963245E-022
    9.990000  0.85034214E-022
   10.000000  0.76945986E-022
   10.010000  0.69620126E-022
   10.020000  0.62985447E-022
   10.030000  0.56977343E-022
   10.040000  0.51537191E-022
   10.050000  0.46611799E-022
   10.060000  0.42152909E-022
   10.070000  0.38116745E-022
   10.080000  0.34463600E-022
   10.090000  0.31157460E-022
   10.100000  0.28165665E-022
   10.110000  0.25458602E-022
   10.120000  0.23009420E-022
   10.130000  0.20793776E-022
   10.140000  0.18789603E-022
   10.150000  0.16976902E-022
   10.160000  0.15337544E-022
   10.170000  0.13855104E-022
   10.180000  0.12514697E-022
   10.190000  0.11302836E-022
   10.200000  0.10207306E-022
   10.210000  0.92170377E-023
   10.220000  0.83220091E-023
   10.230000  0.75131416E-023
   10.240000  0.67822147E-023
