  -10.240000  0.11631234E-011
  -10.230000  0.12241956E-011
  -10.220000  0.12884101E-011
  -10.210000  0.13559252E-011
  -10.200000  0.14269068E-011
  -10.190000  0.15015291E-011
  -10.180000  0.15799749E-011
  -10.170000  0.16624360E-011
  -10.160000  0.17491133E-011
  -10.150000  0.18402179E-011
  -10.140000  0.19359710E-011
  -10.130000  0.20366046E-011
  -10.120000  0.21423621E-011
  -10.110000  0.22534987E-011
  -10.100000  0.23702821E-011
  -10.090000  0.24929930E-011
  -10.080000  0.26219256E-011
  -10.070000  0.27573884E-011
  -10.060000  0.28997050E-011
  -10.050000  0.30492144E-011
  -10.040000  0.32062723E-011
  -10.030000  0.33712513E-011
  -10.020000  0.35445421E-011
  -10.010000  0.37265542E-011
  -10.000000  0.39177166E-011
   -9.990000  0.41184793E-011
   -9.980000  0.43293135E-011
   -9.970000  0.45507133E-011
   -9.960000  0.47831962E-011
   -9.950000  0.50273047E-011
   -9.940000  0.52836069E-011
   -9.930000  0.55526983E-011
   -9.920000  0.58352026E-011
   -9.910000  0.61317733E-011
   -9.900000  0.64430949E-011
   -9.890000  0.67698843E-011
   -9.880000  0.71128926E-011
   -9.870000  0.74729063E-011
   -9.860000  0.78507494E-011
   -9.850000  0.82472845E-011
   -9.840000  0.86634151E-011
   -9.830000  0.91000872E-011
   -9.820000  0.95582914E-011
   -9.810000  0.10039065E-010
   -9.800000  0.10543494E-010
   -9.790000  0.11072715E-010
   -9.780000  0.11627919E-010
   -9.770000  0.12210350E-010
   -9.760000  0.12821315E-010
   -9.750000  0.13462176E-010
   -9.740000  0.14134364E-010
   -9.730000  0.14839373E-010
   -9.720000  0.15578768E-010
   -9.710000  0.16354188E-010
   -9.700000  0.17167344E-010
   -9.690000  0.18020031E-010
   -9.680000  0.18914125E-010
   -9.670000  0.19851588E-010
   -9.660000  0.20834473E-010
   -9.650000  0.21864930E-010
   -9.640000  0.22945205E-010
   -9.630000  0.24077649E-010
   -9.620000  0.25264721E-010
   -9.610000  0.26508992E-010
   -9.600000  0.27813152E-010
   -9.590000  0.29180013E-010
   -9.580000  0.30612517E-010
   -9.570000  0.32113741E-010
   -9.560000  0.33686898E-010
   -9.550000  0.35335354E-010
   -9.540000  0.37062623E-010
   -9.530000  0.38872381E-010
   -9.520000  0.40768470E-010
   -9.510000  0.42754908E-010
   -9.500000  0.44835893E-010
   -9.490000  0.47015813E-010
   -9.480000  0.49299256E-010
   -9.470000  0.51691016E-010
   -9.460000  0.54196102E-010
   -9.450000  0.56819751E-010
   -9.440000  0.59567433E-010
   -9.430000  0.62444864E-010
   -9.420000  0.65458018E-010
   -9.410000  0.68613135E-010
   -9.400000  0.71916735E-010
   -9.390000  0.75375628E-010
   -9.380000  0.78996930E-010
   -9.370000  0.82788072E-010
   -9.360000  0.86756817E-010
   -9.350000  0.90911272E-010
   -9.340000  0.95259904E-010
   -9.330000  0.99811558E-010
   -9.320000  0.10457547E-009
   -9.310000  0.10956128E-009
   -9.300000  0.11477905E-009
   -9.290000  0.12023931E-009
   -9.280000  0.12595302E-009
   -9.270000  0.13193165E-009
   -9.260000  0.13818716E-009
   -9.250000  0.14473203E-009
   -9.240000  0.15157931E-009
   -9.230000  0.15874260E-009
   -9.220000  0.16623609E-009
   -9.210000  0.17407461E-009
   -9.200000  0.18227363E-009
   -9.190000  0.19084928E-009
   -9.180000  0.19981841E-009
   -9.170000  0.20919859E-009
   -9.160000  0.21900816E-009
   -9.150000  0.22926625E-009
   -9.140000  0.23999282E-009
   -9.130000  0.25120868E-009
   -9.120000  0.26293556E-009
   -9.110000  0.27519612E-009
   -9.100000  0.28801397E-009
   -9.090000  0.30141378E-009
   -9.080000  0.31542123E-009
   -9.070000  0.33006315E-009
   -9.060000  0.34536747E-009
   -9.050000  0.36136336E-009
   -9.040000  0.37808120E-009
   -9.030000  0.39555269E-009
   -9.020000  0.41381085E-009
   -9.010000  0.43289015E-009
   -9.000000  0.45282647E-009
   -8.990000  0.47365727E-009
   -8.980000  0.49542154E-009
   -8.970000  0.51815996E-009
   -8.960000  0.54191491E-009
   -8.950000  0.56673056E-009
   -8.940000  0.59265296E-009
   -8.930000  0.61973006E-009
   -8.920000  0.64801186E-009
   -8.910000  0.67755043E-009
   -8.900000  0.70840006E-009
   -8.890000  0.74061727E-009
   -8.880000  0.77426097E-009
   -8.870000  0.80939252E-009
   -8.860000  0.84607583E-009
   -8.850000  0.88437749E-009
   -8.840000  0.92436683E-009
   -8.830000  0.96611608E-009
   -8.820000  0.10097005E-008
   -8.810000  0.10551983E-008
   -8.800000  0.11026912E-008
   -8.790000  0.11522640E-008
   -8.780000  0.12040053E-008
   -8.770000  0.12580070E-008
   -8.760000  0.13143651E-008
   -8.750000  0.13731793E-008
   -8.740000  0.14345536E-008
   -8.730000  0.14985961E-008
   -8.720000  0.15654193E-008
   -8.710000  0.16351405E-008
   -8.700000  0.17078815E-008
   -8.690000  0.17837693E-008
   -8.680000  0.18629360E-008
   -8.670000  0.19455189E-008
   -8.660000  0.20316611E-008
   -8.650000  0.21215113E-008
   -8.640000  0.22152244E-008
   -8.630000  0.23129614E-008
   -8.620000  0.24148899E-008
   -8.610000  0.25211842E-008
   -8.600000  0.26320255E-008
   -8.590000  0.27476025E-008
   -8.580000  0.28681113E-008
   -8.570000  0.29937558E-008
   -8.560000  0.31247482E-008
   -8.550000  0.32613092E-008
   -8.540000  0.34036681E-008
   -8.530000  0.35520635E-008
   -8.520000  0.37067434E-008
   -8.510000  0.38679657E-008
   -8.500000  0.40359984E-008
   -8.490000  0.42111203E-008
   -8.480000  0.43936210E-008
   -8.470000  0.45838017E-008
   -8.460000  0.47819753E-008
   -8.450000  0.49884673E-008
   -8.440000  0.52036157E-008
   -8.430000  0.54277719E-008
   -8.420000  0.56613009E-008
   -8.410000  0.59045823E-008
   -8.400000  0.61580102E-008
   -8.390000  0.64219943E-008
   -8.380000  0.66969601E-008
   -8.370000  0.69833498E-008
   -8.360000  0.72816225E-008
   -8.350000  0.75922555E-008
   -8.340000  0.79157442E-008
   -8.330000  0.82526034E-008
   -8.320000  0.86033676E-008
   -8.310000  0.89685922E-008
   -8.300000  0.93488535E-008
   -8.290000  0.97447503E-008
   -8.280000  0.10156904E-007
   -8.270000  0.10585961E-007
   -8.260000  0.11032591E-007
   -8.250000  0.11497490E-007
   -8.240000  0.11981379E-007
   -8.230000  0.12485010E-007
   -8.220000  0.13009160E-007
   -8.210000  0.13554637E-007
   -8.200000  0.14122280E-007
   -8.190000  0.14712960E-007
   -8.180000  0.15327578E-007
   -8.170000  0.15967074E-007
   -8.160000  0.16632419E-007
   -8.150000  0.17324622E-007
   -8.140000  0.18044731E-007
   -8.130000  0.18793832E-007
   -8.120000  0.19573052E-007
   -8.110000  0.20383560E-007
   -8.100000  0.21226570E-007
   -8.090000  0.22103340E-007
   -8.080000  0.23015173E-007
   -8.070000  0.23963425E-007
   -8.060000  0.24949498E-007
   -8.050000  0.25974849E-007
   -8.040000  0.27040986E-007
   -8.030000  0.28149475E-007
   -8.020000  0.29301940E-007
   -8.010000  0.30500062E-007
   -8.000000  0.31745587E-007
   -7.990000  0.33040323E-007
   -7.980000  0.34386145E-007
   -7.970000  0.35784997E-007
   -7.960000  0.37238893E-007
   -7.950000  0.38749921E-007
   -7.940000  0.40320246E-007
   -7.930000  0.41952109E-007
   -7.920000  0.43647836E-007
   -7.910000  0.45409835E-007
   -7.900000  0.47240601E-007
   -7.890000  0.49142720E-007
   -7.880000  0.51118870E-007
   -7.870000  0.53171828E-007
   -7.860000  0.55304469E-007
   -7.850000  0.57519770E-007
   -7.840000  0.59820817E-007
   -7.830000  0.62210806E-007
   -7.820000  0.64693046E-007
   -7.810000  0.67270965E-007
   -7.800000  0.69948112E-007
   -7.790000  0.72728164E-007
   -7.780000  0.75614927E-007
   -7.770000  0.78612342E-007
   -7.760000  0.81724490E-007
   -7.750000  0.84955595E-007
   -7.740000  0.88310032E-007
   -7.730000  0.91792327E-007
   -7.720000  0.95407168E-007
   -7.710000  0.99159406E-007
   -7.700000  0.10305406E-006
   -7.690000  0.10709633E-006
   -7.680000  0.11129159E-006
   -7.670000  0.11564541E-006
   -7.660000  0.12016355E-006
   -7.650000  0.12485196E-006
   -7.640000  0.12971681E-006
   -7.630000  0.13476449E-006
   -7.620000  0.14000158E-006
   -7.610000  0.14543492E-006
   -7.600000  0.15107157E-006
   -7.590000  0.15691884E-006
   -7.580000  0.16298427E-006
   -7.570000  0.16927569E-006
   -7.560000  0.17580118E-006
   -7.550000  0.18256910E-006
   -7.540000  0.18958808E-006
   -7.530000  0.19686707E-006
   -7.520000  0.20441530E-006
   -7.510000  0.21224234E-006
   -7.500000  0.22035805E-006
   -7.490000  0.22877265E-006
   -7.480000  0.23749670E-006
   -7.470000  0.24654110E-006
   -7.460000  0.25591714E-006
   -7.450000  0.26563647E-006
   -7.440000  0.27571114E-006
   -7.430000  0.28615360E-006
   -7.420000  0.29697671E-006
   -7.410000  0.30819377E-006
   -7.400000  0.31981852E-006
   -7.390000  0.33186515E-006
   -7.380000  0.34434832E-006
   -7.370000  0.35728319E-006
   -7.360000  0.37068540E-006
   -7.350000  0.38457111E-006
   -7.340000  0.39895703E-006
   -7.330000  0.41386040E-006
   -7.320000  0.42929903E-006
   -7.310000  0.44529132E-006
   -7.300000  0.46185626E-006
   -7.290000  0.47901347E-006
   -7.280000  0.49678320E-006
   -7.270000  0.51518637E-006
   -7.260000  0.53424456E-006
   -7.250000  0.55398007E-006
   -7.240000  0.57441591E-006
   -7.230000  0.59557583E-006
   -7.220000  0.61748434E-006
   -7.210000  0.64016677E-006
   -7.200000  0.66364921E-006
   -7.190000  0.68795864E-006
   -7.180000  0.71312286E-006
   -7.170000  0.73917058E-006
   -7.160000  0.76613141E-006
   -7.150000  0.79403593E-006
   -7.140000  0.82291566E-006
   -7.130000  0.85280312E-006
   -7.120000  0.88373188E-006
   -7.110000  0.91573655E-006
   -7.100000  0.94885284E-006
   -7.090000  0.98311757E-006
   -7.080000  0.10185687E-005
   -7.070000  0.10552455E-005
   -7.060000  0.10931883E-005
   -7.050000  0.11324387E-005
   -7.040000  0.11730397E-005
   -7.030000  0.12150357E-005
   -7.020000  0.12584722E-005
   -7.010000  0.13033963E-005
   -7.000000  0.13498567E-005
   -6.990000  0.13979032E-005
   -6.980000  0.14475876E-005
   -6.970000  0.14989628E-005
   -6.960000  0.15520838E-005
   -6.950000  0.16070070E-005
   -6.940000  0.16637905E-005
   -6.930000  0.17224943E-005
   -6.920000  0.17831803E-005
   -6.910000  0.18459119E-005
   -6.900000  0.19107550E-005
   -6.890000  0.19777769E-005
   -6.880000  0.20470473E-005
   -6.870000  0.21186380E-005
   -6.860000  0.21926228E-005
   -6.850000  0.22690777E-005
   -6.840000  0.23480811E-005
   -6.830000  0.24297137E-005
   -6.820000  0.25140586E-005
   -6.810000  0.26012015E-005
   -6.800000  0.26912303E-005
   -6.790000  0.27842358E-005
   -6.780000  0.28803115E-005
   -6.770000  0.29795534E-005
   -6.760000  0.30820607E-005
   -6.750000  0.31879352E-005
   -6.740000  0.32972818E-005
   -6.730000  0.34102085E-005
   -6.720000  0.35268264E-005
   -6.710000  0.36472499E-005
   -6.700000  0.37715967E-005
   -6.690000  0.38999878E-005
   -6.680000  0.40325480E-005
   -6.670000  0.41694054E-005
   -6.660000  0.43106919E-005
   -6.650000  0.44565434E-005
   -6.640000  0.46070993E-005
   -6.630000  0.47625033E-005
   -6.620000  0.49229032E-005
   -6.610000  0.50884509E-005
   -6.600000  0.52593026E-005
   -6.590000  0.54356192E-005
   -6.580000  0.56175658E-005
   -6.570000  0.58053124E-005
   -6.560000  0.59990339E-005
   -6.550000  0.61989098E-005
   -6.540000  0.64051249E-005
   -6.530000  0.66178691E-005
   -6.520000  0.68373377E-005
   -6.510000  0.70637314E-005
   -6.500000  0.72972563E-005
   -6.490000  0.75381247E-005
   -6.480000  0.77865543E-005
   -6.470000  0.80427691E-005
   -6.460000  0.83069992E-005
   -6.450000  0.85794811E-005
   -6.440000  0.88604578E-005
   -6.430000  0.91501789E-005
   -6.420000  0.94489010E-005
   -6.410000  0.97568874E-005
   -6.400000  0.10074409E-004
   -6.390000  0.10401743E-004
   -6.380000  0.10739177E-004
   -6.370000  0.11087002E-004
   -6.360000  0.11445521E-004
   -6.350000  0.11815042E-004
   -6.340000  0.12195883E-004
   -6.330000  0.12588371E-004
   -6.320000  0.12992840E-004
   -6.310000  0.13409634E-004
   -6.300000  0.13839107E-004
   -6.290000  0.14281621E-004
   -6.280000  0.14737547E-004
   -6.270000  0.15207267E-004
   -6.260000  0.15691175E-004
   -6.250000  0.16189671E-004
   -6.240000  0.16703169E-004
   -6.230000  0.17232092E-004
   -6.220000  0.17776875E-004
   -6.210000  0.18337964E-004
   -6.200000  0.18915817E-004
   -6.190000  0.19510903E-004
   -6.180000  0.20123704E-004
   -6.170000  0.20754715E-004
   -6.160000  0.21404441E-004
   -6.150000  0.22073404E-004
   -6.140000  0.22762136E-004
   -6.130000  0.23471183E-004
   -6.120000  0.24201108E-004
   -6.110000  0.24952485E-004
   -6.100000  0.25725904E-004
   -6.090000  0.26521970E-004
   -6.080000  0.27341302E-004
   -6.070000  0.28184535E-004
   -6.060000  0.29052323E-004
   -6.050000  0.29945331E-004
   -6.040000  0.30864246E-004
   -6.030000  0.31809769E-004
   -6.020000  0.32782618E-004
   -6.010000  0.33783531E-004
   -6.000000  0.34813263E-004
   -5.990000  0.35872588E-004
   -5.980000  0.36962299E-004
   -5.970000  0.38083207E-004
   -5.960000  0.39236147E-004
   -5.950000  0.40421969E-004
   -5.940000  0.41641549E-004
   -5.930000  0.42895779E-004
   -5.920000  0.44185577E-004
   -5.910000  0.45511882E-004
   -5.900000  0.46875654E-004
   -5.890000  0.48277878E-004
   -5.880000  0.49719561E-004
   -5.870000  0.51201736E-004
   -5.860000  0.52725459E-004
   -5.850000  0.54291813E-004
   -5.840000  0.55901904E-004
   -5.830000  0.57556866E-004
   -5.820000  0.59257860E-004
   -5.810000  0.61006074E-004
   -5.800000  0.62802723E-004
   -5.790000  0.64649052E-004
   -5.780000  0.66546333E-004
   -5.770000  0.68495869E-004
   -5.760000  0.70498994E-004
   -5.750000  0.72557071E-004
   -5.740000  0.74671496E-004
   -5.730000  0.76843696E-004
   -5.720000  0.79075132E-004
   -5.710000  0.81367297E-004
   -5.700000  0.83721719E-004
   -5.690000  0.86139962E-004
   -5.680000  0.88623622E-004
   -5.670000  0.91174334E-004
   -5.660000  0.93793770E-004
   -5.650000  0.96483638E-004
   -5.640000  0.99245684E-004
   -5.630000  0.10208170E-003
   -5.620000  0.10499350E-003
   -5.610000  0.10798296E-003
   -5.600000  0.11105199E-003
   -5.590000  0.11420253E-003
   -5.580000  0.11743658E-003
   -5.570000  0.12075618E-003
   -5.560000  0.12416340E-003
   -5.550000  0.12766038E-003
   -5.540000  0.13124928E-003
   -5.530000  0.13493234E-003
   -5.520000  0.13871180E-003
   -5.510000  0.14259001E-003
   -5.500000  0.14656931E-003
   -5.490000  0.15065213E-003
   -5.480000  0.15484095E-003
   -5.470000  0.15913827E-003
   -5.460000  0.16354668E-003
   -5.450000  0.16806880E-003
   -5.440000  0.17270733E-003
   -5.430000  0.17746500E-003
   -5.420000  0.18234462E-003
   -5.410000  0.18734905E-003
   -5.400000  0.19248119E-003
   -5.390000  0.19774403E-003
   -5.380000  0.20314062E-003
   -5.370000  0.20867404E-003
   -5.360000  0.21434748E-003
   -5.350000  0.22016416E-003
   -5.340000  0.22612737E-003
   -5.330000  0.23224049E-003
   -5.320000  0.23850695E-003
   -5.310000  0.24493024E-003
   -5.300000  0.25151394E-003
   -5.290000  0.25826171E-003
   -5.280000  0.26517724E-003
   -5.270000  0.27226434E-003
   -5.260000  0.27952687E-003
   -5.250000  0.28696878E-003
   -5.240000  0.29459409E-003
   -5.230000  0.30240689E-003
   -5.220000  0.31041138E-003
   -5.210000  0.31861180E-003
   -5.200000  0.32701251E-003
   -5.190000  0.33561794E-003
   -5.180000  0.34443260E-003
   -5.170000  0.35346110E-003
   -5.160000  0.36270812E-003
   -5.150000  0.37217845E-003
   -5.140000  0.38187695E-003
   -5.130000  0.39180859E-003
   -5.120000  0.40197843E-003
   -5.110000  0.41239162E-003
   -5.100000  0.42305341E-003
   -5.090000  0.43396914E-003
   -5.080000  0.44514427E-003
   -5.070000  0.45658434E-003
   -5.060000  0.46829500E-003
   -5.050000  0.48028200E-003
   -5.040000  0.49255121E-003
   -5.030000  0.50510859E-003
   -5.020000  0.51796022E-003
   -5.010000  0.53111227E-003
   -5.000000  0.54457106E-003
   -4.990000  0.55834298E-003
   -4.980000  0.57243457E-003
   -4.970000  0.58685246E-003
   -4.960000  0.60160341E-003
   -4.950000  0.61669430E-003
   -4.940000  0.63213213E-003
   -4.930000  0.64792402E-003
   -4.920000  0.66407722E-003
   -4.910000  0.68059910E-003
   -4.900000  0.69749715E-003
   -4.890000  0.71477902E-003
   -4.880000  0.73245246E-003
   -4.870000  0.75052535E-003
   -4.860000  0.76900574E-003
   -4.850000  0.78790178E-003
   -4.840000  0.80722177E-003
   -4.830000  0.82697415E-003
   -4.820000  0.84716750E-003
   -4.810000  0.86781055E-003
   -4.800000  0.88891217E-003
   -4.790000  0.91048137E-003
   -4.780000  0.93252731E-003
   -4.770000  0.95505930E-003
   -4.760000  0.97808682E-003
   -4.750000  0.10016195E-002
   -4.740000  0.10256670E-002
   -4.730000  0.10502394E-002
   -4.720000  0.10753467E-002
   -4.710000  0.11009992E-002
   -4.700000  0.11272073E-002
   -4.690000  0.11539815E-002
   -4.680000  0.11813326E-002
   -4.670000  0.12092716E-002
   -4.660000  0.12378093E-002
   -4.650000  0.12669572E-002
   -4.640000  0.12967267E-002
   -4.630000  0.13271293E-002
   -4.620000  0.13581767E-002
   -4.610000  0.13898810E-002
   -4.600000  0.14222543E-002
   -4.590000  0.14553089E-002
   -4.580000  0.14890572E-002
   -4.570000  0.15235119E-002
   -4.560000  0.15586860E-002
   -4.550000  0.15945924E-002
   -4.540000  0.16312444E-002
   -4.530000  0.16686554E-002
   -4.520000  0.17068391E-002
   -4.510000  0.17458092E-002
   -4.500000  0.17855798E-002
   -4.490000  0.18261650E-002
   -4.480000  0.18675794E-002
   -4.470000  0.19098375E-002
   -4.460000  0.19529541E-002
   -4.450000  0.19969443E-002
   -4.440000  0.20418232E-002
   -4.430000  0.20876064E-002
   -4.420000  0.21343095E-002
   -4.410000  0.21819482E-002
   -4.400000  0.22305388E-002
   -4.390000  0.22800974E-002
   -4.380000  0.23306406E-002
   -4.370000  0.23821851E-002
   -4.360000  0.24347477E-002
   -4.350000  0.24883458E-002
   -4.340000  0.25429966E-002
   -4.330000  0.25987178E-002
   -4.320000  0.26555271E-002
   -4.310000  0.27134426E-002
   -4.300000  0.27724826E-002
   -4.290000  0.28326655E-002
   -4.280000  0.28940102E-002
   -4.270000  0.29565355E-002
   -4.260000  0.30202607E-002
   -4.250000  0.30852052E-002
   -4.240000  0.31513885E-002
   -4.230000  0.32188307E-002
   -4.220000  0.32875518E-002
   -4.210000  0.33575722E-002
   -4.200000  0.34289125E-002
   -4.190000  0.35015935E-002
   -4.180000  0.35756363E-002
   -4.170000  0.36510623E-002
   -4.160000  0.37278929E-002
   -4.150000  0.38061499E-002
   -4.140000  0.38858555E-002
   -4.130000  0.39670318E-002
   -4.120000  0.40497014E-002
   -4.110000  0.41338871E-002
   -4.100000  0.42196119E-002
   -4.090000  0.43068990E-002
   -4.080000  0.43957719E-002
   -4.070000  0.44862545E-002
   -4.060000  0.45783705E-002
   -4.050000  0.46721444E-002
   -4.040000  0.47676006E-002
   -4.030000  0.48647638E-002
   -4.020000  0.49636589E-002
   -4.010000  0.50643113E-002
   -4.000000  0.51667463E-002
   -3.990000  0.52709898E-002
   -3.980000  0.53770675E-002
   -3.970000  0.54850058E-002
   -3.960000  0.55948311E-002
   -3.950000  0.57065701E-002
   -3.940000  0.58202496E-002
   -3.930000  0.59358970E-002
   -3.920000  0.60535396E-002
   -3.910000  0.61732050E-002
   -3.900000  0.62949212E-002
   -3.890000  0.64187164E-002
   -3.880000  0.65446188E-002
   -3.870000  0.66726572E-002
   -3.860000  0.68028603E-002
   -3.850000  0.69352573E-002
   -3.840000  0.70698775E-002
   -3.830000  0.72067505E-002
   -3.820000  0.73459060E-002
   -3.810000  0.74873742E-002
   -3.800000  0.76311851E-002
   -3.790000  0.77773694E-002
   -3.780000  0.79259577E-002
   -3.770000  0.80769809E-002
   -3.760000  0.82304703E-002
   -3.750000  0.83864571E-002
   -3.740000  0.85449730E-002
   -3.730000  0.87060497E-002
   -3.720000  0.88697194E-002
   -3.710000  0.90360141E-002
   -3.700000  0.92049663E-002
   -3.690000  0.93766087E-002
   -3.680000  0.95509742E-002
   -3.670000  0.97280956E-002
   -3.660000  0.99080064E-002
   -3.650000  0.10090740E-001
   -3.640000  0.10276330E-001
   -3.630000  0.10464810E-001
   -3.620000  0.10656214E-001
   -3.610000  0.10850576E-001
   -3.600000  0.11047931E-001
   -3.590000  0.11248313E-001
   -3.580000  0.11451757E-001
   -3.570000  0.11658297E-001
   -3.560000  0.11867970E-001
   -3.550000  0.12080809E-001
   -3.540000  0.12296850E-001
   -3.530000  0.12516129E-001
   -3.520000  0.12738682E-001
   -3.510000  0.12964543E-001
   -3.500000  0.13193749E-001
   -3.490000  0.13426336E-001
   -3.480000  0.13662340E-001
   -3.470000  0.13901798E-001
   -3.460000  0.14144745E-001
   -3.450000  0.14391218E-001
   -3.440000  0.14641254E-001
   -3.430000  0.14894889E-001
   -3.420000  0.15152161E-001
   -3.410000  0.15413106E-001
   -3.400000  0.15677760E-001
   -3.390000  0.15946162E-001
   -3.380000  0.16218347E-001
   -3.370000  0.16494354E-001
   -3.360000  0.16774220E-001
   -3.350000  0.17057980E-001
   -3.340000  0.17345674E-001
   -3.330000  0.17637338E-001
   -3.320000  0.17933010E-001
   -3.310000  0.18232727E-001
   -3.300000  0.18536526E-001
   -3.290000  0.18844445E-001
   -3.280000  0.19156521E-001
   -3.270000  0.19472791E-001
   -3.260000  0.19793293E-001
   -3.250000  0.20118065E-001
   -3.240000  0.20447143E-001
   -3.230000  0.20780565E-001
   -3.220000  0.21118367E-001
   -3.210000  0.21460588E-001
   -3.200000  0.21807265E-001
   -3.190000  0.22158433E-001
   -3.180000  0.22514131E-001
   -3.170000  0.22874395E-001
   -3.160000  0.23239262E-001
   -3.150000  0.23608768E-001
   -3.140000  0.23982950E-001
   -3.130000  0.24361844E-001
   -3.120000  0.24745488E-001
   -3.110000  0.25133916E-001
   -3.100000  0.25527164E-001
   -3.090000  0.25925270E-001
   -3.080000  0.26328267E-001
   -3.070000  0.26736192E-001
   -3.060000  0.27149080E-001
   -3.050000  0.27566966E-001
   -3.040000  0.27989884E-001
   -3.030000  0.28417870E-001
   -3.020000  0.28850957E-001
   -3.010000  0.29289180E-001
   -3.000000  0.29732572E-001
   -2.990000  0.30181168E-001
   -2.980000  0.30635000E-001
   -2.970000  0.31094102E-001
   -2.960000  0.31558506E-001
   -2.950000  0.32028245E-001
   -2.940000  0.32503350E-001
   -2.930000  0.32983854E-001
   -2.920000  0.33469787E-001
   -2.910000  0.33961182E-001
   -2.900000  0.34458068E-001
   -2.890000  0.34960476E-001
   -2.880000  0.35468435E-001
   -2.870000  0.35981976E-001
   -2.860000  0.36501128E-001
   -2.850000  0.37025918E-001
   -2.840000  0.37556376E-001
   -2.830000  0.38092528E-001
   -2.820000  0.38634403E-001
   -2.810000  0.39182027E-001
   -2.800000  0.39735427E-001
   -2.790000  0.40294628E-001
   -2.780000  0.40859655E-001
   -2.770000  0.41430534E-001
   -2.760000  0.42007289E-001
   -2.750000  0.42589943E-001
   -2.740000  0.43178520E-001
   -2.730000  0.43773042E-001
   -2.720000  0.44373532E-001
   -2.710000  0.44980009E-001
   -2.700000  0.45592497E-001
   -2.690000  0.46211013E-001
   -2.680000  0.46835579E-001
   -2.670000  0.47466213E-001
   -2.660000  0.48102933E-001
   -2.650000  0.48745757E-001
   -2.640000  0.49394701E-001
   -2.630000  0.50049782E-001
   -2.620000  0.50711016E-001
   -2.610000  0.51378416E-001
   -2.600000  0.52051997E-001
   -2.590000  0.52731772E-001
   -2.580000  0.53417754E-001
   -2.570000  0.54109954E-001
   -2.560000  0.54808383E-001
   -2.550000  0.55513052E-001
   -2.540000  0.56223969E-001
   -2.530000  0.56941143E-001
   -2.520000  0.57664582E-001
   -2.510000  0.58394293E-001
   -2.500000  0.59130281E-001
   -2.490000  0.59872551E-001
   -2.480000  0.60621108E-001
   -2.470000  0.61375956E-001
   -2.460000  0.62137095E-001
   -2.450000  0.62904528E-001
   -2.440000  0.63678256E-001
   -2.430000  0.64458278E-001
   -2.420000  0.65244592E-001
   -2.410000  0.66037196E-001
   -2.400000  0.66836087E-001
   -2.390000  0.67641260E-001
   -2.380000  0.68452711E-001
   -2.370000  0.69270432E-001
   -2.360000  0.70094418E-001
   -2.350000  0.70924658E-001
   -2.340000  0.71761144E-001
   -2.330000  0.72603865E-001
   -2.320000  0.73452810E-001
   -2.310000  0.74307966E-001
   -2.300000  0.75169319E-001
   -2.290000  0.76036855E-001
   -2.280000  0.76910557E-001
   -2.270000  0.77790410E-001
   -2.260000  0.78676394E-001
   -2.250000  0.79568490E-001
   -2.240000  0.80466678E-001
   -2.230000  0.81370936E-001
   -2.220000  0.82281242E-001
   -2.210000  0.83197571E-001
   -2.200000  0.84119899E-001
   -2.190000  0.85048200E-001
   -2.180000  0.85982446E-001
   -2.170000  0.86922608E-001
   -2.160000  0.87868656E-001
   -2.150000  0.88820560E-001
   -2.140000  0.89778287E-001
   -2.130000  0.90741804E-001
   -2.120000  0.91711076E-001
   -2.110000  0.92686067E-001
   -2.100000  0.93666739E-001
   -2.090000  0.94653055E-001
   -2.080000  0.95644975E-001
   -2.070000  0.96642457E-001
   -2.060000  0.97645459E-001
   -2.050000  0.98653938E-001
   -2.040000  0.99667850E-001
   -2.030000  0.10068715     
   -2.020000  0.10171178     
   -2.010000  0.10274171     
   -2.000000  0.10377687     
   -1.990000  0.10481723     
   -1.980000  0.10586272     
   -1.970000  0.10691329     
   -1.960000  0.10796889     
   -1.950000  0.10902946     
   -1.940000  0.11009495     
   -1.930000  0.11116529     
   -1.920000  0.11224042     
   -1.910000  0.11332028     
   -1.900000  0.11440481     
   -1.890000  0.11549395     
   -1.880000  0.11658763     
   -1.870000  0.11768578     
   -1.860000  0.11878833     
   -1.850000  0.11989522     
   -1.840000  0.12100637     
   -1.830000  0.12212171     
   -1.820000  0.12324117     
   -1.810000  0.12436467     
   -1.800000  0.12549214     
   -1.790000  0.12662350     
   -1.780000  0.12775868     
   -1.770000  0.12889758     
   -1.760000  0.13004014     
   -1.750000  0.13118626     
   -1.740000  0.13233587     
   -1.730000  0.13348888     
   -1.720000  0.13464520     
   -1.710000  0.13580474     
   -1.700000  0.13696743     
   -1.690000  0.13813316     
   -1.680000  0.13930185     
   -1.670000  0.14047340     
   -1.660000  0.14164772     
   -1.650000  0.14282472     
   -1.640000  0.14400430     
   -1.630000  0.14518636     
   -1.620000  0.14637080     
   -1.610000  0.14755753     
   -1.600000  0.14874645     
   -1.590000  0.14993744     
   -1.580000  0.15113042     
   -1.570000  0.15232527     
   -1.560000  0.15352189     
   -1.550000  0.15472017     
   -1.540000  0.15592002     
   -1.530000  0.15712131     
   -1.520000  0.15832393     
   -1.510000  0.15952779     
   -1.500000  0.16073277     
   -1.490000  0.16193875     
   -1.480000  0.16314562     
   -1.470000  0.16435326     
   -1.460000  0.16556157     
   -1.450000  0.16677042     
   -1.440000  0.16797970     
   -1.430000  0.16918929     
   -1.420000  0.17039907     
   -1.410000  0.17160892     
   -1.400000  0.17281872     
   -1.390000  0.17402834     
   -1.380000  0.17523767     
   -1.370000  0.17644658     
   -1.360000  0.17765494     
   -1.350000  0.17886264     
   -1.340000  0.18006955     
   -1.330000  0.18127553     
   -1.320000  0.18248047     
   -1.310000  0.18368423     
   -1.300000  0.18488669     
   -1.290000  0.18608772     
   -1.280000  0.18728718     
   -1.270000  0.18848495     
   -1.260000  0.18968089     
   -1.250000  0.19087488     
   -1.240000  0.19206679     
   -1.230000  0.19325647     
   -1.220000  0.19444380     
   -1.210000  0.19562864     
   -1.200000  0.19681086     
   -1.190000  0.19799032     
   -1.180000  0.19916690     
   -1.170000  0.20034045     
   -1.160000  0.20151084     
   -1.150000  0.20267793     
   -1.140000  0.20384159     
   -1.130000  0.20500168     
   -1.120000  0.20615806     
   -1.110000  0.20731060     
   -1.100000  0.20845916     
   -1.090000  0.20960361     
   -1.080000  0.21074380     
   -1.070000  0.21187959     
   -1.060000  0.21301086     
   -1.050000  0.21413746     
   -1.040000  0.21525926     
   -1.030000  0.21637611     
   -1.020000  0.21748789     
   -1.010000  0.21859444     
   -1.000000  0.21969564     
   -0.990000  0.22079135     
   -0.980000  0.22188143     
   -0.970000  0.22296575     
   -0.960000  0.22404416     
   -0.950000  0.22511652     
   -0.940000  0.22618272     
   -0.930000  0.22724260     
   -0.920000  0.22829603     
   -0.910000  0.22934288     
   -0.900000  0.23038300     
   -0.890000  0.23141628     
   -0.880000  0.23244256     
   -0.870000  0.23346173     
   -0.860000  0.23447364     
   -0.850000  0.23547816     
   -0.840000  0.23647516     
   -0.830000  0.23746450     
   -0.820000  0.23844607     
   -0.810000  0.23941972     
   -0.800000  0.24038532     
   -0.790000  0.24134276     
   -0.780000  0.24229189     
   -0.770000  0.24323259     
   -0.760000  0.24416474     
   -0.750000  0.24508820     
   -0.740000  0.24600286     
   -0.730000  0.24690858     
   -0.720000  0.24780525     
   -0.710000  0.24869274     
   -0.700000  0.24957093     
   -0.690000  0.25043970     
   -0.680000  0.25129892     
   -0.670000  0.25214849     
   -0.660000  0.25298828     
   -0.650000  0.25381817     
   -0.640000  0.25463806     
   -0.630000  0.25544782     
   -0.620000  0.25624734     
   -0.610000  0.25703651     
   -0.600000  0.25781523     
   -0.590000  0.25858337     
   -0.580000  0.25934083     
   -0.570000  0.26008751     
   -0.560000  0.26082330     
   -0.550000  0.26154809     
   -0.540000  0.26226178     
   -0.530000  0.26296427     
   -0.520000  0.26365545     
   -0.510000  0.26433524     
   -0.500000  0.26500353     
   -0.490000  0.26566023     
   -0.480000  0.26630524     
   -0.470000  0.26693846     
   -0.460000  0.26755982     
   -0.450000  0.26816921     
   -0.440000  0.26876655     
   -0.430000  0.26935175     
   -0.420000  0.26992473     
   -0.410000  0.27048541     
   -0.400000  0.27103370     
   -0.390000  0.27156952     
   -0.380000  0.27209279     
   -0.370000  0.27260344     
   -0.360000  0.27310140     
   -0.350000  0.27358659     
   -0.340000  0.27405893     
   -0.330000  0.27451836     
   -0.320000  0.27496482     
   -0.310000  0.27539823     
   -0.300000  0.27581853     
   -0.290000  0.27622566     
   -0.280000  0.27661957     
   -0.270000  0.27700018     
   -0.260000  0.27736745     
   -0.250000  0.27772132     
   -0.240000  0.27806173     
   -0.230000  0.27838865     
   -0.220000  0.27870201     
   -0.210000  0.27900178     
   -0.200000  0.27928790     
   -0.190000  0.27956034     
   -0.180000  0.27981905     
   -0.170000  0.28006400     
   -0.160000  0.28029515     
   -0.150000  0.28051246     
   -0.140000  0.28071591     
   -0.130000  0.28090546     
   -0.120000  0.28108108     
   -0.110000  0.28124274     
   -0.100000  0.28139044     
   -0.090000  0.28152413     
   -0.080000  0.28164380     
   -0.070000  0.28174944     
   -0.060000  0.28184102     
   -0.050000  0.28191854     
   -0.040000  0.28198198     
   -0.030000  0.28203133     
   -0.020000  0.28206658     
   -0.010000  0.28208774     
    0.000000  0.28209479     
    0.010000  0.28208774     
    0.020000  0.28206658     
    0.030000  0.28203133     
    0.040000  0.28198198     
    0.050000  0.28191854     
    0.060000  0.28184102     
    0.070000  0.28174944     
    0.080000  0.28164380     
    0.090000  0.28152413     
    0.100000  0.28139044     
    0.110000  0.28124274     
    0.120000  0.28108108     
    0.130000  0.28090546     
    0.140000  0.28071591     
    0.150000  0.28051246     
    0.160000  0.28029515     
    0.170000  0.28006400     
    0.180000  0.27981905     
    0.190000  0.27956034     
    0.200000  0.27928790     
    0.210000  0.27900178     
    0.220000  0.27870201     
    0.230000  0.27838865     
    0.240000  0.27806173     
    0.250000  0.27772132     
    0.260000  0.27736745     
    0.270000  0.27700018     
    0.280000  0.27661957     
    0.290000  0.27622566     
    0.300000  0.27581853     
    0.310000  0.27539823     
    0.320000  0.27496482     
    0.330000  0.27451836     
    0.340000  0.27405893     
    0.350000  0.27358659     
    0.360000  0.27310140     
    0.370000  0.27260344     
    0.380000  0.27209279     
    0.390000  0.27156952     
    0.400000  0.27103370     
    0.410000  0.27048541     
    0.420000  0.26992473     
    0.430000  0.26935175     
    0.440000  0.26876655     
    0.450000  0.26816921     
    0.460000  0.26755982     
    0.470000  0.26693846     
    0.480000  0.26630524     
    0.490000  0.26566023     
    0.500000  0.26500353     
    0.510000  0.26433524     
    0.520000  0.26365545     
    0.530000  0.26296427     
    0.540000  0.26226178     
    0.550000  0.26154809     
    0.560000  0.26082330     
    0.570000  0.26008751     
    0.580000  0.25934083     
    0.590000  0.25858337     
    0.600000  0.25781523     
    0.610000  0.25703651     
    0.620000  0.25624734     
    0.630000  0.25544782     
    0.640000  0.25463806     
    0.650000  0.25381817     
    0.660000  0.25298828     
    0.670000  0.25214849     
    0.680000  0.25129892     
    0.690000  0.25043970     
    0.700000  0.24957093     
    0.710000  0.24869274     
    0.720000  0.24780525     
    0.730000  0.24690858     
    0.740000  0.24600286     
    0.750000  0.24508820     
    0.760000  0.24416474     
    0.770000  0.24323259     
    0.780000  0.24229189     
    0.790000  0.24134276     
    0.800000  0.24038532     
    0.810000  0.23941972     
    0.820000  0.23844607     
    0.830000  0.23746450     
    0.840000  0.23647516     
    0.850000  0.23547816     
    0.860000  0.23447364     
    0.870000  0.23346173     
    0.880000  0.23244256     
    0.890000  0.23141628     
    0.900000  0.23038300     
    0.910000  0.22934288     
    0.920000  0.22829603     
    0.930000  0.22724260     
    0.940000  0.22618272     
    0.950000  0.22511652     
    0.960000  0.22404416     
    0.970000  0.22296575     
    0.980000  0.22188143     
    0.990000  0.22079135     
    1.000000  0.21969564     
    1.010000  0.21859444     
    1.020000  0.21748789     
    1.030000  0.21637611     
    1.040000  0.21525926     
    1.050000  0.21413746     
    1.060000  0.21301086     
    1.070000  0.21187959     
    1.080000  0.21074380     
    1.090000  0.20960361     
    1.100000  0.20845916     
    1.110000  0.20731060     
    1.120000  0.20615806     
    1.130000  0.20500168     
    1.140000  0.20384159     
    1.150000  0.20267793     
    1.160000  0.20151084     
    1.170000  0.20034045     
    1.180000  0.19916690     
    1.190000  0.19799032     
    1.200000  0.19681086     
    1.210000  0.19562864     
    1.220000  0.19444380     
    1.230000  0.19325647     
    1.240000  0.19206679     
    1.250000  0.19087488     
    1.260000  0.18968089     
    1.270000  0.18848495     
    1.280000  0.18728718     
    1.290000  0.18608772     
    1.300000  0.18488669     
    1.310000  0.18368423     
    1.320000  0.18248047     
    1.330000  0.18127553     
    1.340000  0.18006955     
    1.350000  0.17886264     
    1.360000  0.17765494     
    1.370000  0.17644658     
    1.380000  0.17523767     
    1.390000  0.17402834     
    1.400000  0.17281872     
    1.410000  0.17160892     
    1.420000  0.17039907     
    1.430000  0.16918929     
    1.440000  0.16797970     
    1.450000  0.16677042     
    1.460000  0.16556157     
    1.470000  0.16435326     
    1.480000  0.16314562     
    1.490000  0.16193875     
    1.500000  0.16073277     
    1.510000  0.15952779     
    1.520000  0.15832393     
    1.530000  0.15712131     
    1.540000  0.15592002     
    1.550000  0.15472017     
    1.560000  0.15352189     
    1.570000  0.15232527     
    1.580000  0.15113042     
    1.590000  0.14993744     
    1.600000  0.14874645     
    1.610000  0.14755753     
    1.620000  0.14637080     
    1.630000  0.14518636     
    1.640000  0.14400430     
    1.650000  0.14282472     
    1.660000  0.14164772     
    1.670000  0.14047340     
    1.680000  0.13930185     
    1.690000  0.13813316     
    1.700000  0.13696743     
    1.710000  0.13580474     
    1.720000  0.13464520     
    1.730000  0.13348888     
    1.740000  0.13233587     
    1.750000  0.13118626     
    1.760000  0.13004014     
    1.770000  0.12889758     
    1.780000  0.12775868     
    1.790000  0.12662350     
    1.800000  0.12549214     
    1.810000  0.12436467     
    1.820000  0.12324117     
    1.830000  0.12212171     
    1.840000  0.12100637     
    1.850000  0.11989522     
    1.860000  0.11878833     
    1.870000  0.11768578     
    1.880000  0.11658763     
    1.890000  0.11549395     
    1.900000  0.11440481     
    1.910000  0.11332028     
    1.920000  0.11224042     
    1.930000  0.11116529     
    1.940000  0.11009495     
    1.950000  0.10902946     
    1.960000  0.10796889     
    1.970000  0.10691329     
    1.980000  0.10586272     
    1.990000  0.10481723     
    2.000000  0.10377687     
    2.010000  0.10274171     
    2.020000  0.10171178     
    2.030000  0.10068715     
    2.040000  0.99667850E-001
    2.050000  0.98653938E-001
    2.060000  0.97645459E-001
    2.070000  0.96642457E-001
    2.080000  0.95644975E-001
    2.090000  0.94653055E-001
    2.100000  0.93666739E-001
    2.110000  0.92686067E-001
    2.120000  0.91711076E-001
    2.130000  0.90741804E-001
    2.140000  0.89778287E-001
    2.150000  0.88820560E-001
    2.160000  0.87868656E-001
    2.170000  0.86922608E-001
    2.180000  0.85982446E-001
    2.190000  0.85048200E-001
    2.200000  0.84119899E-001
    2.210000  0.83197571E-001
    2.220000  0.82281242E-001
    2.230000  0.81370936E-001
    2.240000  0.80466678E-001
    2.250000  0.79568490E-001
    2.260000  0.78676394E-001
    2.270000  0.77790410E-001
    2.280000  0.76910557E-001
    2.290000  0.76036855E-001
    2.300000  0.75169319E-001
    2.310000  0.74307966E-001
    2.320000  0.73452810E-001
    2.330000  0.72603865E-001
    2.340000  0.71761144E-001
    2.350000  0.70924658E-001
    2.360000  0.70094418E-001
    2.370000  0.69270432E-001
    2.380000  0.68452711E-001
    2.390000  0.67641260E-001
    2.400000  0.66836087E-001
    2.410000  0.66037196E-001
    2.420000  0.65244592E-001
    2.430000  0.64458278E-001
    2.440000  0.63678256E-001
    2.450000  0.62904528E-001
    2.460000  0.62137095E-001
    2.470000  0.61375956E-001
    2.480000  0.60621108E-001
    2.490000  0.59872551E-001
    2.500000  0.59130281E-001
    2.510000  0.58394293E-001
    2.520000  0.57664582E-001
    2.530000  0.56941143E-001
    2.540000  0.56223969E-001
    2.550000  0.55513052E-001
    2.560000  0.54808383E-001
    2.570000  0.54109954E-001
    2.580000  0.53417754E-001
    2.590000  0.52731772E-001
    2.600000  0.52051997E-001
    2.610000  0.51378416E-001
    2.620000  0.50711016E-001
    2.630000  0.50049782E-001
    2.640000  0.49394701E-001
    2.650000  0.48745757E-001
    2.660000  0.48102933E-001
    2.670000  0.47466213E-001
    2.680000  0.46835579E-001
    2.690000  0.46211013E-001
    2.700000  0.45592497E-001
    2.710000  0.44980009E-001
    2.720000  0.44373532E-001
    2.730000  0.43773042E-001
    2.740000  0.43178520E-001
    2.750000  0.42589943E-001
    2.760000  0.42007289E-001
    2.770000  0.41430534E-001
    2.780000  0.40859655E-001
    2.790000  0.40294628E-001
    2.800000  0.39735427E-001
    2.810000  0.39182027E-001
    2.820000  0.38634403E-001
    2.830000  0.38092528E-001
    2.840000  0.37556376E-001
    2.850000  0.37025918E-001
    2.860000  0.36501128E-001
    2.870000  0.35981976E-001
    2.880000  0.35468435E-001
    2.890000  0.34960476E-001
    2.900000  0.34458068E-001
    2.910000  0.33961182E-001
    2.920000  0.33469787E-001
    2.930000  0.32983854E-001
    2.940000  0.32503350E-001
    2.950000  0.32028245E-001
    2.960000  0.31558506E-001
    2.970000  0.31094102E-001
    2.980000  0.30635000E-001
    2.990000  0.30181168E-001
    3.000000  0.29732572E-001
    3.010000  0.29289180E-001
    3.020000  0.28850957E-001
    3.030000  0.28417870E-001
    3.040000  0.27989884E-001
    3.050000  0.27566966E-001
    3.060000  0.27149080E-001
    3.070000  0.26736192E-001
    3.080000  0.26328267E-001
    3.090000  0.25925270E-001
    3.100000  0.25527164E-001
    3.110000  0.25133916E-001
    3.120000  0.24745488E-001
    3.130000  0.24361844E-001
    3.140000  0.23982950E-001
    3.150000  0.23608768E-001
    3.160000  0.23239262E-001
    3.170000  0.22874395E-001
    3.180000  0.22514131E-001
    3.190000  0.22158433E-001
    3.200000  0.21807265E-001
    3.210000  0.21460588E-001
    3.220000  0.21118367E-001
    3.230000  0.20780565E-001
    3.240000  0.20447143E-001
    3.250000  0.20118065E-001
    3.260000  0.19793293E-001
    3.270000  0.19472791E-001
    3.280000  0.19156521E-001
    3.290000  0.18844445E-001
    3.300000  0.18536526E-001
    3.310000  0.18232727E-001
    3.320000  0.17933010E-001
    3.330000  0.17637338E-001
    3.340000  0.17345674E-001
    3.350000  0.17057980E-001
    3.360000  0.16774220E-001
    3.370000  0.16494354E-001
    3.380000  0.16218347E-001
    3.390000  0.15946162E-001
    3.400000  0.15677760E-001
    3.410000  0.15413106E-001
    3.420000  0.15152161E-001
    3.430000  0.14894889E-001
    3.440000  0.14641254E-001
    3.450000  0.14391218E-001
    3.460000  0.14144745E-001
    3.470000  0.13901798E-001
    3.480000  0.13662340E-001
    3.490000  0.13426336E-001
    3.500000  0.13193749E-001
    3.510000  0.12964543E-001
    3.520000  0.12738682E-001
    3.530000  0.12516129E-001
    3.540000  0.12296850E-001
    3.550000  0.12080809E-001
    3.560000  0.11867970E-001
    3.570000  0.11658297E-001
    3.580000  0.11451757E-001
    3.590000  0.11248313E-001
    3.600000  0.11047931E-001
    3.610000  0.10850576E-001
    3.620000  0.10656214E-001
    3.630000  0.10464810E-001
    3.640000  0.10276330E-001
    3.650000  0.10090740E-001
    3.660000  0.99080064E-002
    3.670000  0.97280956E-002
    3.680000  0.95509742E-002
    3.690000  0.93766087E-002
    3.700000  0.92049663E-002
    3.710000  0.90360141E-002
    3.720000  0.88697194E-002
    3.730000  0.87060497E-002
    3.740000  0.85449730E-002
    3.750000  0.83864571E-002
    3.760000  0.82304703E-002
    3.770000  0.80769809E-002
    3.780000  0.79259577E-002
    3.790000  0.77773694E-002
    3.800000  0.76311851E-002
    3.810000  0.74873742E-002
    3.820000  0.73459060E-002
    3.830000  0.72067505E-002
    3.840000  0.70698775E-002
    3.850000  0.69352573E-002
    3.860000  0.68028603E-002
    3.870000  0.66726572E-002
    3.880000  0.65446188E-002
    3.890000  0.64187164E-002
    3.900000  0.62949212E-002
    3.910000  0.61732050E-002
    3.920000  0.60535396E-002
    3.930000  0.59358970E-002
    3.940000  0.58202496E-002
    3.950000  0.57065701E-002
    3.960000  0.55948311E-002
    3.970000  0.54850058E-002
    3.980000  0.53770675E-002
    3.990000  0.52709898E-002
    4.000000  0.51667463E-002
    4.010000  0.50643113E-002
    4.020000  0.49636589E-002
    4.030000  0.48647638E-002
    4.040000  0.47676006E-002
    4.050000  0.46721444E-002
    4.060000  0.45783705E-002
    4.070000  0.44862545E-002
    4.080000  0.43957719E-002
    4.090000  0.43068990E-002
    4.100000  0.42196119E-002
    4.110000  0.41338871E-002
    4.120000  0.40497014E-002
    4.130000  0.39670318E-002
    4.140000  0.38858555E-002
    4.150000  0.38061499E-002
    4.160000  0.37278929E-002
    4.170000  0.36510623E-002
    4.180000  0.35756363E-002
    4.190000  0.35015935E-002
    4.200000  0.34289125E-002
    4.210000  0.33575722E-002
    4.220000  0.32875518E-002
    4.230000  0.32188307E-002
    4.240000  0.31513885E-002
    4.250000  0.30852052E-002
    4.260000  0.30202607E-002
    4.270000  0.29565355E-002
    4.280000  0.28940102E-002
    4.290000  0.28326655E-002
    4.300000  0.27724826E-002
    4.310000  0.27134426E-002
    4.320000  0.26555271E-002
    4.330000  0.25987178E-002
    4.340000  0.25429966E-002
    4.350000  0.24883458E-002
    4.360000  0.24347477E-002
    4.370000  0.23821851E-002
    4.380000  0.23306406E-002
    4.390000  0.22800974E-002
    4.400000  0.22305388E-002
    4.410000  0.21819482E-002
    4.420000  0.21343095E-002
    4.430000  0.20876064E-002
    4.440000  0.20418232E-002
    4.450000  0.19969443E-002
    4.460000  0.19529541E-002
    4.470000  0.19098375E-002
    4.480000  0.18675794E-002
    4.490000  0.18261650E-002
    4.500000  0.17855798E-002
    4.510000  0.17458092E-002
    4.520000  0.17068391E-002
    4.530000  0.16686554E-002
    4.540000  0.16312444E-002
    4.550000  0.15945924E-002
    4.560000  0.15586860E-002
    4.570000  0.15235119E-002
    4.580000  0.14890572E-002
    4.590000  0.14553089E-002
    4.600000  0.14222543E-002
    4.610000  0.13898810E-002
    4.620000  0.13581767E-002
    4.630000  0.13271293E-002
    4.640000  0.12967267E-002
    4.650000  0.12669572E-002
    4.660000  0.12378093E-002
    4.670000  0.12092716E-002
    4.680000  0.11813326E-002
    4.690000  0.11539815E-002
    4.700000  0.11272073E-002
    4.710000  0.11009992E-002
    4.720000  0.10753467E-002
    4.730000  0.10502394E-002
    4.740000  0.10256670E-002
    4.750000  0.10016195E-002
    4.760000  0.97808682E-003
    4.770000  0.95505930E-003
    4.780000  0.93252731E-003
    4.790000  0.91048137E-003
    4.800000  0.88891217E-003
    4.810000  0.86781055E-003
    4.820000  0.84716750E-003
    4.830000  0.82697415E-003
    4.840000  0.80722177E-003
    4.850000  0.78790178E-003
    4.860000  0.76900574E-003
    4.870000  0.75052535E-003
    4.880000  0.73245246E-003
    4.890000  0.71477902E-003
    4.900000  0.69749715E-003
    4.910000  0.68059910E-003
    4.920000  0.66407722E-003
    4.930000  0.64792402E-003
    4.940000  0.63213213E-003
    4.950000  0.61669430E-003
    4.960000  0.60160341E-003
    4.970000  0.58685246E-003
    4.980000  0.57243457E-003
    4.990000  0.55834298E-003
    5.000000  0.54457106E-003
    5.010000  0.53111227E-003
    5.020000  0.51796022E-003
    5.030000  0.50510859E-003
    5.040000  0.49255121E-003
    5.050000  0.48028200E-003
    5.060000  0.46829500E-003
    5.070000  0.45658434E-003
    5.080000  0.44514427E-003
    5.090000  0.43396914E-003
    5.100000  0.42305341E-003
    5.110000  0.41239162E-003
    5.120000  0.40197843E-003
    5.130000  0.39180859E-003
    5.140000  0.38187695E-003
    5.150000  0.37217845E-003
    5.160000  0.36270812E-003
    5.170000  0.35346110E-003
    5.180000  0.34443260E-003
    5.190000  0.33561794E-003
    5.200000  0.32701251E-003
    5.210000  0.31861180E-003
    5.220000  0.31041138E-003
    5.230000  0.30240689E-003
    5.240000  0.29459409E-003
    5.250000  0.28696878E-003
    5.260000  0.27952687E-003
    5.270000  0.27226434E-003
    5.280000  0.26517724E-003
    5.290000  0.25826171E-003
    5.300000  0.25151394E-003
    5.310000  0.24493024E-003
    5.320000  0.23850695E-003
    5.330000  0.23224049E-003
    5.340000  0.22612737E-003
    5.350000  0.22016416E-003
    5.360000  0.21434748E-003
    5.370000  0.20867404E-003
    5.380000  0.20314062E-003
    5.390000  0.19774403E-003
    5.400000  0.19248119E-003
    5.410000  0.18734905E-003
    5.420000  0.18234462E-003
    5.430000  0.17746500E-003
    5.440000  0.17270733E-003
    5.450000  0.16806880E-003
    5.460000  0.16354668E-003
    5.470000  0.15913827E-003
    5.480000  0.15484095E-003
    5.490000  0.15065213E-003
    5.500000  0.14656931E-003
    5.510000  0.14259001E-003
    5.520000  0.13871180E-003
    5.530000  0.13493234E-003
    5.540000  0.13124928E-003
    5.550000  0.12766038E-003
    5.560000  0.12416340E-003
    5.570000  0.12075618E-003
    5.580000  0.11743658E-003
    5.590000  0.11420253E-003
    5.600000  0.11105199E-003
    5.610000  0.10798296E-003
    5.620000  0.10499350E-003
    5.630000  0.10208170E-003
    5.640000  0.99245684E-004
    5.650000  0.96483638E-004
    5.660000  0.93793770E-004
    5.670000  0.91174334E-004
    5.680000  0.88623622E-004
    5.690000  0.86139962E-004
    5.700000  0.83721719E-004
    5.710000  0.81367297E-004
    5.720000  0.79075132E-004
    5.730000  0.76843696E-004
    5.740000  0.74671496E-004
    5.750000  0.72557071E-004
    5.760000  0.70498994E-004
    5.770000  0.68495869E-004
    5.780000  0.66546333E-004
    5.790000  0.64649052E-004
    5.800000  0.62802723E-004
    5.810000  0.61006074E-004
    5.820000  0.59257860E-004
    5.830000  0.57556866E-004
    5.840000  0.55901904E-004
    5.850000  0.54291813E-004
    5.860000  0.52725459E-004
    5.870000  0.51201736E-004
    5.880000  0.49719561E-004
    5.890000  0.48277878E-004
    5.900000  0.46875654E-004
    5.910000  0.45511882E-004
    5.920000  0.44185577E-004
    5.930000  0.42895779E-004
    5.940000  0.41641549E-004
    5.950000  0.40421969E-004
    5.960000  0.39236147E-004
    5.970000  0.38083207E-004
    5.980000  0.36962299E-004
    5.990000  0.35872588E-004
    6.000000  0.34813263E-004
    6.010000  0.33783531E-004
    6.020000  0.32782618E-004
    6.030000  0.31809769E-004
    6.040000  0.30864246E-004
    6.050000  0.29945331E-004
    6.060000  0.29052323E-004
    6.070000  0.28184535E-004
    6.080000  0.27341302E-004
    6.090000  0.26521970E-004
    6.100000  0.25725904E-004
    6.110000  0.24952485E-004
    6.120000  0.24201108E-004
    6.130000  0.23471183E-004
    6.140000  0.22762136E-004
    6.150000  0.22073404E-004
    6.160000  0.21404441E-004
    6.170000  0.20754715E-004
    6.180000  0.20123704E-004
    6.190000  0.19510903E-004
    6.200000  0.18915817E-004
    6.210000  0.18337964E-004
    6.220000  0.17776875E-004
    6.230000  0.17232092E-004
    6.240000  0.16703169E-004
    6.250000  0.16189671E-004
    6.260000  0.15691175E-004
    6.270000  0.15207267E-004
    6.280000  0.14737547E-004
    6.290000  0.14281621E-004
    6.300000  0.13839107E-004
    6.310000  0.13409634E-004
    6.320000  0.12992840E-004
    6.330000  0.12588371E-004
    6.340000  0.12195883E-004
    6.350000  0.11815042E-004
    6.360000  0.11445521E-004
    6.370000  0.11087002E-004
    6.380000  0.10739177E-004
    6.390000  0.10401743E-004
    6.400000  0.10074409E-004
    6.410000  0.97568874E-005
    6.420000  0.94489010E-005
    6.430000  0.91501789E-005
    6.440000  0.88604578E-005
    6.450000  0.85794811E-005
    6.460000  0.83069992E-005
    6.470000  0.80427691E-005
    6.480000  0.77865543E-005
    6.490000  0.75381247E-005
    6.500000  0.72972563E-005
    6.510000  0.70637314E-005
    6.520000  0.68373377E-005
    6.530000  0.66178691E-005
    6.540000  0.64051249E-005
    6.550000  0.61989098E-005
    6.560000  0.59990339E-005
    6.570000  0.58053124E-005
    6.580000  0.56175658E-005
    6.590000  0.54356192E-005
    6.600000  0.52593026E-005
    6.610000  0.50884509E-005
    6.620000  0.49229032E-005
    6.630000  0.47625033E-005
    6.640000  0.46070993E-005
    6.650000  0.44565434E-005
    6.660000  0.43106919E-005
    6.670000  0.41694054E-005
    6.680000  0.40325480E-005
    6.690000  0.38999878E-005
    6.700000  0.37715967E-005
    6.710000  0.36472499E-005
    6.720000  0.35268264E-005
    6.730000  0.34102085E-005
    6.740000  0.32972818E-005
    6.750000  0.31879352E-005
    6.760000  0.30820607E-005
    6.770000  0.29795534E-005
    6.780000  0.28803115E-005
    6.790000  0.27842358E-005
    6.800000  0.26912303E-005
    6.810000  0.26012015E-005
    6.820000  0.25140586E-005
    6.830000  0.24297137E-005
    6.840000  0.23480811E-005
    6.850000  0.22690777E-005
    6.860000  0.21926228E-005
    6.870000  0.21186380E-005
    6.880000  0.20470473E-005
    6.890000  0.19777769E-005
    6.900000  0.19107550E-005
    6.910000  0.18459119E-005
    6.920000  0.17831803E-005
    6.930000  0.17224943E-005
    6.940000  0.16637905E-005
    6.950000  0.16070070E-005
    6.960000  0.15520838E-005
    6.970000  0.14989628E-005
    6.980000  0.14475876E-005
    6.990000  0.13979032E-005
    7.000000  0.13498567E-005
    7.010000  0.13033963E-005
    7.020000  0.12584722E-005
    7.030000  0.12150357E-005
    7.040000  0.11730397E-005
    7.050000  0.11324387E-005
    7.060000  0.10931883E-005
    7.070000  0.10552455E-005
    7.080000  0.10185687E-005
    7.090000  0.98311757E-006
    7.100000  0.94885284E-006
    7.110000  0.91573655E-006
    7.120000  0.88373188E-006
    7.130000  0.85280312E-006
    7.140000  0.82291566E-006
    7.150000  0.79403593E-006
    7.160000  0.76613141E-006
    7.170000  0.73917058E-006
    7.180000  0.71312286E-006
    7.190000  0.68795864E-006
    7.200000  0.66364921E-006
    7.210000  0.64016677E-006
    7.220000  0.61748434E-006
    7.230000  0.59557583E-006
    7.240000  0.57441591E-006
    7.250000  0.55398007E-006
    7.260000  0.53424456E-006
    7.270000  0.51518637E-006
    7.280000  0.49678320E-006
    7.290000  0.47901347E-006
    7.300000  0.46185626E-006
    7.310000  0.44529132E-006
    7.320000  0.42929903E-006
    7.330000  0.41386040E-006
    7.340000  0.39895703E-006
    7.350000  0.38457111E-006
    7.360000  0.37068540E-006
    7.370000  0.35728319E-006
    7.380000  0.34434832E-006
    7.390000  0.33186515E-006
    7.400000  0.31981852E-006
    7.410000  0.30819377E-006
    7.420000  0.29697671E-006
    7.430000  0.28615360E-006
    7.440000  0.27571114E-006
    7.450000  0.26563647E-006
    7.460000  0.25591714E-006
    7.470000  0.24654110E-006
    7.480000  0.23749670E-006
    7.490000  0.22877265E-006
    7.500000  0.22035805E-006
    7.510000  0.21224234E-006
    7.520000  0.20441530E-006
    7.530000  0.19686707E-006
    7.540000  0.18958808E-006
    7.550000  0.18256910E-006
    7.560000  0.17580118E-006
    7.570000  0.16927569E-006
    7.580000  0.16298427E-006
    7.590000  0.15691884E-006
    7.600000  0.15107157E-006
    7.610000  0.14543492E-006
    7.620000  0.14000158E-006
    7.630000  0.13476449E-006
    7.640000  0.12971681E-006
    7.650000  0.12485196E-006
    7.660000  0.12016355E-006
    7.670000  0.11564541E-006
    7.680000  0.11129159E-006
    7.690000  0.10709633E-006
    7.700000  0.10305406E-006
    7.710000  0.99159406E-007
    7.720000  0.95407168E-007
    7.730000  0.91792327E-007
    7.740000  0.88310032E-007
    7.750000  0.84955595E-007
    7.760000  0.81724490E-007
    7.770000  0.78612342E-007
    7.780000  0.75614927E-007
    7.790000  0.72728164E-007
    7.800000  0.69948112E-007
    7.810000  0.67270965E-007
    7.820000  0.64693046E-007
    7.830000  0.62210806E-007
    7.840000  0.59820817E-007
    7.850000  0.57519770E-007
    7.860000  0.55304469E-007
    7.870000  0.53171828E-007
    7.880000  0.51118870E-007
    7.890000  0.49142720E-007
    7.900000  0.47240601E-007
    7.910000  0.45409835E-007
    7.920000  0.43647836E-007
    7.930000  0.41952109E-007
    7.940000  0.40320246E-007
    7.950000  0.38749921E-007
    7.960000  0.37238893E-007
    7.970000  0.35784997E-007
    7.980000  0.34386145E-007
    7.990000  0.33040323E-007
    8.000000  0.31745587E-007
    8.010000  0.30500062E-007
    8.020000  0.29301940E-007
    8.030000  0.28149475E-007
    8.040000  0.27040986E-007
    8.050000  0.25974849E-007
    8.060000  0.24949498E-007
    8.070000  0.23963425E-007
    8.080000  0.23015173E-007
    8.090000  0.22103340E-007
    8.100000  0.21226570E-007
    8.110000  0.20383560E-007
    8.120000  0.19573052E-007
    8.130000  0.18793832E-007
    8.140000  0.18044731E-007
    8.150000  0.17324622E-007
    8.160000  0.16632419E-007
    8.170000  0.15967074E-007
    8.180000  0.15327578E-007
    8.190000  0.14712960E-007
    8.200000  0.14122280E-007
    8.210000  0.13554637E-007
    8.220000  0.13009160E-007
    8.230000  0.12485010E-007
    8.240000  0.11981379E-007
    8.250000  0.11497490E-007
    8.260000  0.11032591E-007
    8.270000  0.10585961E-007
    8.280000  0.10156904E-007
    8.290000  0.97447503E-008
    8.300000  0.93488535E-008
    8.310000  0.89685922E-008
    8.320000  0.86033676E-008
    8.330000  0.82526034E-008
    8.340000  0.79157442E-008
    8.350000  0.75922555E-008
    8.360000  0.72816225E-008
    8.370000  0.69833498E-008
    8.380000  0.66969601E-008
    8.390000  0.64219943E-008
    8.400000  0.61580102E-008
    8.410000  0.59045823E-008
    8.420000  0.56613009E-008
    8.430000  0.54277719E-008
    8.440000  0.52036157E-008
    8.450000  0.49884673E-008
    8.460000  0.47819753E-008
    8.470000  0.45838017E-008
    8.480000  0.43936210E-008
    8.490000  0.42111203E-008
    8.500000  0.40359984E-008
    8.510000  0.38679657E-008
    8.520000  0.37067434E-008
    8.530000  0.35520635E-008
    8.540000  0.34036681E-008
    8.550000  0.32613092E-008
    8.560000  0.31247482E-008
    8.570000  0.29937558E-008
    8.580000  0.28681113E-008
    8.590000  0.27476025E-008
    8.600000  0.26320255E-008
    8.610000  0.25211842E-008
    8.620000  0.24148899E-008
    8.630000  0.23129614E-008
    8.640000  0.22152244E-008
    8.650000  0.21215113E-008
    8.660000  0.20316611E-008
    8.670000  0.19455189E-008
    8.680000  0.18629360E-008
    8.690000  0.17837693E-008
    8.700000  0.17078815E-008
    8.710000  0.16351405E-008
    8.720000  0.15654193E-008
    8.730000  0.14985961E-008
    8.740000  0.14345536E-008
    8.750000  0.13731793E-008
    8.760000  0.13143651E-008
    8.770000  0.12580070E-008
    8.780000  0.12040053E-008
    8.790000  0.11522640E-008
    8.800000  0.11026912E-008
    8.810000  0.10551983E-008
    8.820000  0.10097005E-008
    8.830000  0.96611608E-009
    8.840000  0.92436683E-009
    8.850000  0.88437749E-009
    8.860000  0.84607583E-009
    8.870000  0.80939252E-009
    8.880000  0.77426097E-009
    8.890000  0.74061727E-009
    8.900000  0.70840006E-009
    8.910000  0.67755043E-009
    8.920000  0.64801186E-009
    8.930000  0.61973006E-009
    8.940000  0.59265296E-009
    8.950000  0.56673056E-009
    8.960000  0.54191491E-009
    8.970000  0.51815996E-009
    8.980000  0.49542154E-009
    8.990000  0.47365727E-009
    9.000000  0.45282647E-009
    9.010000  0.43289015E-009
    9.020000  0.41381085E-009
    9.030000  0.39555269E-009
    9.040000  0.37808120E-009
    9.050000  0.36136336E-009
    9.060000  0.34536747E-009
    9.070000  0.33006315E-009
    9.080000  0.31542123E-009
    9.090000  0.30141378E-009
    9.100000  0.28801397E-009
    9.110000  0.27519612E-009
    9.120000  0.26293556E-009
    9.130000  0.25120868E-009
    9.140000  0.23999282E-009
    9.150000  0.22926625E-009
    9.160000  0.21900816E-009
    9.170000  0.20919859E-009
    9.180000  0.19981841E-009
    9.190000  0.19084928E-009
    9.200000  0.18227363E-009
    9.210000  0.17407461E-009
    9.220000  0.16623609E-009
    9.230000  0.15874260E-009
    9.240000  0.15157931E-009
    9.250000  0.14473203E-009
    9.260000  0.13818716E-009
    9.270000  0.13193165E-009
    9.280000  0.12595302E-009
    9.290000  0.12023931E-009
    9.300000  0.11477905E-009
    9.310000  0.10956128E-009
    9.320000  0.10457547E-009
    9.330000  0.99811558E-010
    9.340000  0.95259904E-010
    9.350000  0.90911272E-010
    9.360000  0.86756817E-010
    9.370000  0.82788072E-010
    9.380000  0.78996930E-010
    9.390000  0.75375628E-010
    9.400000  0.71916735E-010
    9.410000  0.68613135E-010
    9.420000  0.65458018E-010
    9.430000  0.62444864E-010
    9.440000  0.59567433E-010
    9.450000  0.56819751E-010
    9.460000  0.54196102E-010
    9.470000  0.51691016E-010
    9.480000  0.49299256E-010
    9.490000  0.47015813E-010
    9.500000  0.44835893E-010
    9.510000  0.42754908E-010
    9.520000  0.40768470E-010
    9.530000  0.38872381E-010
    9.540000  0.37062623E-010
    9.550000  0.35335354E-010
    9.560000  0.33686898E-010
    9.570000  0.32113741E-010
    9.580000  0.30612517E-010
    9.590000  0.29180013E-010
    9.600000  0.27813152E-010
    9.610000  0.26508992E-010
    9.620000  0.25264721E-010
    9.630000  0.24077649E-010
    9.640000  0.22945205E-010
    9.650000  0.21864930E-010
    9.660000  0.20834473E-010
    9.670000  0.19851588E-010
    9.680000  0.18914125E-010
    9.690000  0.18020031E-010
    9.700000  0.17167344E-010
    9.710000  0.16354188E-010
    9.720000  0.15578768E-010
    9.730000  0.14839373E-010
    9.740000  0.14134364E-010
    9.750000  0.13462176E-010
    9.760000  0.12821315E-010
    9.770000  0.12210350E-010
    9.780000  0.11627919E-010
    9.790000  0.11072715E-010
    9.800000  0.10543494E-010
    9.810000  0.10039065E-010
    9.820000  0.95582914E-011
    9.830000  0.91000872E-011
    9.840000  0.86634151E-011
    9.850000  0.82472845E-011
    9.860000  0.78507494E-011
    9.870000  0.74729063E-011
    9.880000  0.71128926E-011
    9.890000  0.67698843E-011
    9.900000  0.64430949E-011
    9.910000  0.61317733E-011
    9.920000  0.58352026E-011
    9.930000  0.55526983E-011
    9.940000  0.52836069E-011
    9.950000  0.50273047E-011
    9.960000  0.47831962E-011
    9.970000  0.45507133E-011
    9.980000  0.43293135E-011
    9.990000  0.41184793E-011
   10.000000  0.39177166E-011
   10.010000  0.37265542E-011
   10.020000  0.35445421E-011
   10.030000  0.33712513E-011
   10.040000  0.32062723E-011
   10.050000  0.30492144E-011
   10.060000  0.28997050E-011
   10.070000  0.27573884E-011
   10.080000  0.26219256E-011
   10.090000  0.24929930E-011
   10.100000  0.23702821E-011
   10.110000  0.22534987E-011
   10.120000  0.21423621E-011
   10.130000  0.20366046E-011
   10.140000  0.19359710E-011
   10.150000  0.18402179E-011
   10.160000  0.17491133E-011
   10.170000  0.16624360E-011
   10.180000  0.15799749E-011
   10.190000  0.15015291E-011
   10.200000  0.14269068E-011
   10.210000  0.13559252E-011
   10.220000  0.12884101E-011
   10.230000  0.12241956E-011
   10.240000  0.11631234E-011
